15
1730       0.0000000 0.2094918 0.0975534 0.1023855 0.3366273 0.2712229 0.1516196 0.0975534 0.0471007 0.0490448 0.3366273 0.1516196 0.4051633 0.1023855 0.2712229 
2594       0.2094918 0.0000000 0.2094918 0.2226414 0.0975534 0.0471007 0.1516196 0.2094918 0.1516196 0.1583336 0.0975534 0.2712229 0.1516196 0.2226414 0.0471007 
2308       0.0975534 0.2094918 0.0000000 0.1023855 0.3366273 0.2712229 0.0471007 0.0000010 0.0471007 0.0490448 0.2094918 0.0471007 0.2712229 0.1023855 0.1516196 
933        0.1023855 0.2226414 0.1023855 0.0000000 0.3635745 0.2904672 0.1600559 0.1023855 0.0491889 0.0513199 0.3635745 0.1600559 0.4414840 0.1078025 0.2904672 
2597       0.3366273 0.0975534 0.3366273 0.3635745 0.0000000 0.0471007 0.2712229 0.3366273 0.2712229 0.2839699 0.0975534 0.4051633 0.0471007 0.3635745 0.1516196 
1768       0.2712229 0.0471007 0.2712229 0.2904672 0.0471007 0.0000000 0.2094918 0.2712229 0.2094918 0.2190723 0.0471007 0.3366273 0.0975534 0.2904672 0.0975534 
944        0.1516196 0.1516196 0.0471007 0.1600559 0.2712229 0.2094918 0.0000000 0.0471007 0.0975534 0.1017259 0.1516196 0.0975534 0.2094918 0.1600559 0.0975534 
853        0.0975534 0.2094918 0.0000010 0.1023855 0.3366273 0.2712229 0.0471007 0.0000000 0.0471007 0.0490448 0.2094918 0.0471007 0.2712229 0.1023855 0.1516196 
854        0.0471007 0.1516196 0.0471007 0.0491889 0.2712229 0.2094918 0.0975534 0.0471007 0.0000000 0.0000010 0.2712229 0.0975534 0.3366273 0.0491889 0.2094918 
855        0.0490448 0.1583336 0.0490448 0.0513199 0.2839699 0.2190723 0.1017259 0.0490448 0.0000010 0.0000000 0.2839699 0.1017259 0.3527548 0.0513199 0.2190723 
2582       0.3366273 0.0975534 0.2094918 0.3635745 0.0975534 0.0471007 0.1516196 0.2094918 0.2712229 0.2839699 0.0000000 0.2712229 0.0471007 0.3635745 0.0471007 
12730      0.1516196 0.2712229 0.0471007 0.1600559 0.4051633 0.3366273 0.0975534 0.0471007 0.0975534 0.1017259 0.2712229 0.0000000 0.3366273 0.1600559 0.2094918 
2587       0.4051633 0.1516196 0.2712229 0.4414840 0.0471007 0.0975534 0.2094918 0.2712229 0.3366273 0.3527548 0.0471007 0.3366273 0.0000000 0.4414840 0.0975534 
2332       0.1023855 0.2226414 0.1023855 0.1078025 0.3635745 0.2904672 0.1600559 0.1023855 0.0491889 0.0513199 0.3635745 0.1600559 0.4414840 0.0000000 0.2904672 
1759       0.2712229 0.0471007 0.1516196 0.2904672 0.1516196 0.0975534 0.0975534 0.1516196 0.2094918 0.2190723 0.0471007 0.2094918 0.0975534 0.2904672 0.0000000 
