B1	64384	0.0	0.00013621872262773723	0.001304756105197921	0.0015745267077469014	0.0017454496744725527	0.0011406330767923208	0.0013593669393082075	0.0011255595811637672	0.003729389	0.029991124741573366	0.03253068922903838	0.025412913999999998	0.0077009596000000005
B1-B1g	64391	0.00013621872262773723	0.0	0.0014406098643220083	0.0017103804668709888	0.0018814494189981	0.0012763408505149483	0.0014951477057315653	0.001261413340287855	0.003865534729927007	0.030127270471500378	0.03266683495896539	0.025549059729927007	0.007837105329927006
B1-B1z-B1aa-B1ad-B1ac-B1ab	64396	0.001304756105197921	0.0014406098643220083	0.0	0.0028775832927528987	0.0026409984959978993	0.002443738658797859	0.0022546012262134457	0.0024286455450201042	0.005033285049220311	0.03129502079079368	0.033834585278258694	0.02671681004922031	0.00900485564922031
B1-B1x-B1t-B14b-B1af-B1ae-B1ag	64397	0.0015745267077469014	0.0017103804668709888	0.0028775832927528987	0.0	0.003318620354847381	0.0020031922823384425	0.002931863259210247	0.0010564605642458215	0.005302838538614554	0.031564574280187926	0.03410413876765293	0.026986363538614555	0.009274409138614553
B1-B1ah-B1aa	64398	0.0017454496744725527	0.0018814494189981	0.0026409984959978993	0.003318620354847381	0.0	0.0028843849210478953	0.001905575639886885	0.002869555089875132	0.005474272731066893	0.03173600847264026	0.03427557296010528	0.027157797731066892	0.009445843331066893
B1-B1x-B1ai-B5ah	64400	0.0011406330767923208	0.0012763408505149483	0.002443738658797859	0.0020031922823384425	0.0028843849210478953	0.0	0.0024970667094311953	0.0009467777761324528	0.004869410737926207	0.031131146479499577	0.03367071096696459	0.026552935737926206	0.008840981337926207
B1-B1al-B1aj-B1ak-B1aa	64404	0.0013593669393082075	0.0014951477057315653	0.0022546012262134457	0.002931863259210247	0.001905575639886885	0.0024970667094311953	0.0	0.002482900725630943	0.005087815621403579	0.03134955136297695	0.033889115850441964	0.02677134062140358	0.009059386221403577
B1-B1x-B1t-B14b	64405	0.0011255595811637672	0.001261413340287855	0.0024286455450201042	0.0010564605642458215	0.002869555089875132	0.0009467777761324528	0.002482900725630943	0.0	0.004854186933493302	0.031115922675066673	0.03365548716253169	0.026537711933493302	0.0088257575334933
B5	64386	0.003729389	0.003865534729927007	0.005033285049220311	0.005302838538614554	0.005474272731066893	0.004869410737926207	0.005087815621403579	0.004854186933493302	0.0	0.02626373574157337	0.028803300229038386	0.021685524999999997	0.0039735706
B19-B5af-B19e-B19c-B19d-B19g-B19f	64395	0.029991124741573366	0.030127270471500378	0.03129502079079368	0.031564574280187926	0.03173600847264026	0.031131146479499577	0.03134955136297695	0.031115922675066673	0.02626373574157337	0.0	0.003971548549480208	0.004579752125019992	0.03023330634157337
B19/B5af-B19e-B19c-B5ag-B19d-B19f-B40a-B19h	64399	0.03253068922903838	0.03266683495896539	0.033834585278258694	0.03410413876765293	0.03427557296010528	0.03367071096696459	0.033889115850441964	0.03365548716253169	0.028803300229038386	0.003971548549480208	0.0	0.007119776028718512	0.03277287082903839
B19	64408	0.025412913999999998	0.025549059729927007	0.02671681004922031	0.026986363538614555	0.027157797731066892	0.026552935737926206	0.02677134062140358	0.026537711933493302	0.021685524999999997	0.004579752125019992	0.007119776028718512	0.0	0.0256550956
B5ai	64411	0.0077009596000000005	0.007837105329927006	0.00900485564922031	0.009274409138614553	0.009445843331066893	0.008840981337926207	0.009059386221403577	0.0088257575334933	0.0039735706	0.03023330634157337	0.03277287082903839	0.0256550956	0.0
