13
B1	64384	0	1.0	0.03648481757591212	1.0	0.34047989280160795	0.36790264194716105	0.2829071709282907	1.0	0.3056169438305617	0.470097948530772	0.3013969860301397	1.0	1.0
B5	64386	1.0	0	1.0	1.0	1.0	1.0	1.0	1.0	1.0	1.0	1.0	1.0	1.0
B1-B1g	64391	0.03648481757591212	1.0	0	1.0	0.3404831903361933	0.36790580235494114	0.2829107563386549	1.0	0.3056204156937646	0.4701005979880402	0.30140047899281514	1.0	1.0
B19-B5af-B19e-B19c-B19d-B19g-B19f	64395	1.0	1.0	1.0	0	1.0	1.0	1.0	0.2662320130396088	1.0	1.0	1.0	0.582226266606001	1.0
B1-B1z-B1aa-B1ad-B1ac-B1ab	64396	0.34047989280160795	1.0	0.3404831903361933	1.0	0	0.3679121230756924	0.28583785405364864	1.0	0.34048648783780405	0.4154575362739118	0.34048648783780405	1.0	1.0
B1-B1x-B1t-B14b-B1af-B1ae-B1ag	64397	0.36790264194716105	1.0	0.36790580235494114	1.0	0.3679121230756924	0	0.36790896273111806	1.0	0.27270181894543166	0.470108546200883	0.15756527304180876	1.0	1.0
B1-B1ah-B1aa	64398	0.2829071709282907	1.0	0.2829107563386549	1.0	0.28583785405364864	0.36790896273111806	0	1.0	0.30562388752224956	0.41021474463138424	0.30140397192056156	1.0	1.0
B19/B5af-B19e-B19c-B5ag-B19d-B19f-B40a-B19h	64399	1.0	1.0	1.0	0.2662320130396088	1.0	1.0	1.0	0	1.0	1.0	1.0	0.7361639575406369	1.0
B1-B1x-B1ai-B5ah	64400	0.3056169438305617	1.0	0.3056204156937646	1.0	0.34048648783780405	0.27270181894543166	0.30562388752224956	1.0	0	0.47010324741881454	0.12882742345153098	1.0	1.0
B1-B1al-B1aj-B1ak-B1aa	64404	0.470097948530772	1.0	0.4701005979880402	1.0	0.4154575362739118	0.470108546200883	0.41021474463138424	1.0	0.47010324741881454	0	0.47010324741881454	1.0	1.0
B1-B1x-B1t-B14b	64405	0.3013969860301397	1.0	0.30140047899281514	1.0	0.34048648783780405	0.15756527304180876	0.30140397192056156	1.0	0.12882742345153098	0.47010324741881454	0	1.0	1.0
B19	64408	1.0	1.0	1.0	0.582226266606001	1.0	1.0	1.0	0.7361639575406369	1.0	1.0	1.0	0	1.0
B5ai	64411	1.0	1.0	1.0	1.0	1.0	1.0	1.0	1.0	1.0	1.0	1.0	1.0	0
