13
B1	64384	0	1.0	0.15084424577877112	1.0	0.5989740102598974	0.6464735352646473	0.46715532844671553	1.0	0.5239871401928972	0.6444035559644403	0.5136148638513615	1.0	1.0
B5	64386	1.0	0	1.0	1.0	1.0	1.0	1.0	1.0	1.0	1.0	1.0	1.0	1.0
B1-B1g	64391	0.15084424577877112	1.0	0	1.0	0.5989760153597696	0.646475302870457	0.46715799263011054	1.0	0.5239895202095958	0.6444053339199912	0.5136172957405639	1.0	1.0
B19-B5af-B19e-B19c-B19d-B19g-B19f	64395	1.0	1.0	1.0	0	1.0	1.0	1.0	0.26240319185636646	1.0	1.0	1.0	0.7375065623359416	1.0
B1-B1z-B1aa-B1ad-B1ac-B1ab	64396	0.5989740102598974	1.0	0.5989760153597696	1.0	0	0.6464770704585908	0.4875802483950321	1.0	0.5989800254993625	0.5330093398132038	0.5989780204395913	1.0	1.0
B1-B1x-B1t-B14b-B1af-B1ae-B1ag	64397	0.6464735352646473	1.0	0.646475302870457	1.0	0.6464770704585908	0	0.6464770704585908	1.0	0.5096022599435014	0.6464770704585908	0.29344413111737766	1.0	1.0
B1-B1ah-B1aa	64398	0.46715532844671553	1.0	0.46715799263011054	1.0	0.4875802483950321	0.6464770704585908	0	1.0	0.523991900202495	0.5256994860102798	0.5136197276054479	1.0	1.0
B19/B5af-B19e-B19c-B5ag-B19d-B19f-B40a-B19h	64399	1.0	1.0	1.0	0.26240319185636646	1.0	1.0	1.0	0	1.0	1.0	1.0	0.8186436271274574	1.0
B1-B1x-B1ai-B5ah	64400	0.5239871401928972	1.0	0.5239895202095958	1.0	0.5989800254993625	0.5096022599435014	0.523991900202495	1.0	0	0.6444088897777556	0.28603784905377366	1.0	1.0
B1-B1al-B1aj-B1ak-B1aa	64404	0.6444035559644403	1.0	0.6444053339199912	1.0	0.5330093398132038	0.6464770704585908	0.5256994860102798	1.0	0.6444088897777556	0	0.6444071118577629	1.0	1.0
B1-B1x-B1t-B14b	64405	0.5136148638513615	1.0	0.5136172957405639	1.0	0.5989780204395913	0.29344413111737766	0.5136197276054479	1.0	0.28603784905377366	0.6444071118577629	0	1.0	1.0
B19	64408	1.0	1.0	1.0	0.7375065623359416	1.0	1.0	1.0	0.8186436271274574	1.0	1.0	1.0	0	1.0
B5ai	64411	1.0	1.0	1.0	1.0	1.0	1.0	1.0	1.0	1.0	1.0	1.0	1.0	0
