B1	64384	0.0	0.0005631617875212478	0.00298822626570029	0.0027931586421373594	0.002751168146945305	0.0019555478617276543	0.002142595921163651	0.0019184348180563886	0.003729389	0.03129304269482207	0.03382100465968016	0.025412913999999998	0.0077009596000000005
B1-B1g	64391	0.0005631617875212478	0.0	0.0035500884620369997	0.0033549106111882892	0.0033134246249974996	0.0025165972604877782	0.0027039470897467924	0.0024801511739560313	0.004292249017698231	0.0318559027125203	0.03438386467737839	0.02597577401769823	0.00826381961769823
B1-B1z-B1aa-B1ad-B1ac-B1ab	64396	0.00298822626570029	0.0035500884620369997	0.0	0.00577811348926322	0.0049062895431438176	0.0049407277365461685	0.004296999106548035	0.0049035148534606	0.006716010147235829	0.0342796638420579	0.03680762580691599	0.028399535147235828	0.010687580747235829
B1-B1x-B1t-B14b-B1af-B1ae-B1ag	64397	0.0027931586421373594	0.0033549106111882892	0.00577811348926322	0.0	0.005542054883792937	0.003725276624629744	0.004932256412746177	0.0017609236492433995	0.006520630417304808	0.03408428411212688	0.03661224607698497	0.028204155417304807	0.010492201017304808
B1-B1ah-B1aa	64398	0.002751168146945305	0.0033134246249974996	0.0049062895431438176	0.005542054883792937	0.0	0.004703913088964931	0.002880327313871286	0.00466724014413521	0.0064796228403759615	0.03404327653519803	0.03657123850005612	0.028163147840375963	0.01045119344037596
B1-B1x-B1ai-B5ah	64400	0.0019555478617276543	0.0025165972604877782	0.0049407277365461685	0.003725276624629744	0.004703913088964931	0.0	0.004093130460513294	0.0020971657751649667	0.005683888871325735	0.03324754256614781	0.03577550453100589	0.027367413871325734	0.009655459471325734
B1-B1al-B1aj-B1ak-B1aa	64404	0.002142595921163651	0.0027039470897467924	0.004296999106548035	0.004932256412746177	0.002880327313871286	0.004093130460513294	0.0	0.004057622220923699	0.005870695907867639	0.033434349602689706	0.0359623115675478	0.02755422090786764	0.009842266507867637
B1-B1x-B1t-B14b	64405	0.0019184348180563886	0.0024801511739560313	0.0049035148534606	0.0017609236492433995	0.00466724014413521	0.0020971657751649667	0.004057622220923699	0.0	0.005646483286162768	0.033210136980984836	0.03573809894584293	0.027330008286162766	0.009618053886162766
B5	64386	0.003729389	0.004292249017698231	0.006716010147235829	0.006520630417304808	0.0064796228403759615	0.005683888871325735	0.005870695907867639	0.005646483286162768	0.0	0.02756565369482207	0.03009361565968016	0.021685524999999997	0.0039735706
B19-B5af-B19e-B19c-B19d-B19g-B19f	64395	0.03129304269482207	0.0318559027125203	0.0342796638420579	0.03408428411212688	0.03404327653519803	0.03324754256614781	0.033434349602689706	0.033210136980984836	0.02756565369482207	0.0	0.00435277510142971	0.005882204064674131	0.03153522429482207
B19/B5af-B19e-B19c-B5ag-B19d-B19f-B40a-B19h	64399	0.03382100465968016	0.03438386467737839	0.03680762580691599	0.03661224607698497	0.03657123850005612	0.03577550453100589	0.0359623115675478	0.03573809894584293	0.03009361565968016	0.00435277510142971	0.0	0.008410527441289355	0.03406318625968016
B19	64408	0.025412913999999998	0.02597577401769823	0.028399535147235828	0.028204155417304807	0.028163147840375963	0.027367413871325734	0.02755422090786764	0.027330008286162766	0.021685524999999997	0.005882204064674131	0.008410527441289355	0.0	0.0256550956
B5ai	64411	0.0077009596000000005	0.00826381961769823	0.010687580747235829	0.010492201017304808	0.01045119344037596	0.009655459471325734	0.009842266507867637	0.009618053886162766	0.0039735706	0.03153522429482207	0.03406318625968016	0.0256550956	0.0
