31
29329      0.0000000 0.0074668 0.0074858 0.0074948 0.0151133 0.0112530 0.0112243 0.0074858 0.0411735 0.0388812 0.0074668 0.0308843 0.0337510 0.0337510 0.0349145 0.0486092 0.0453989 0.0112665 0.0037254 0.0074668 0.0269636 0.0074668 0.0119715 0.0037675 0.0037349 0.0074668 0.0074668 0.0074668 0.0380627 0.0037254 0.0037254 
89233      0.0074668 0.0000000 0.0074858 0.0074948 0.0151133 0.0112530 0.0112243 0.0074858 0.0369682 0.0388812 0.0074668 0.0308843 0.0337510 0.0337510 0.0349145 0.0440775 0.0411735 0.0112665 0.0037254 0.0074668 0.0269636 0.0074668 0.0119715 0.0037675 0.0112530 0.0074668 0.0074668 0.0000010 0.0380627 0.0037254 0.0112243 
89237      0.0074858 0.0074858 0.0000000 0.0075140 0.0151530 0.0112816 0.0112530 0.0075048 0.0412895 0.0389859 0.0074858 0.0309655 0.0338491 0.0338491 0.0350083 0.0487566 0.0455274 0.0112954 0.0037349 0.0074858 0.0270343 0.0074858 0.0120039 0.0037772 0.0112816 0.0074858 0.0074858 0.0074858 0.0381727 0.0037349 0.0112530 
693415     0.0074948 0.0074948 0.0075140 0.0000000 0.0151707 0.0112954 0.0112665 0.0075140 0.0370161 0.0349578 0.0074948 0.0269967 0.0294998 0.0294998 0.0310040 0.0441385 0.0412268 0.0037394 0.0037394 0.0074948 0.0230887 0.0074948 0.0120194 0.0037818 0.0112954 0.0074948 0.0074948 0.0074948 0.0337961 0.0037394 0.0112665 
891944     0.0151133 0.0151133 0.0151530 0.0151707 0.0000000 0.0189828 0.0189331 0.0151530 0.0500724 0.0472499 0.0151133 0.0390905 0.0427694 0.0427694 0.0432136 0.0582782 0.0543768 0.0190050 0.0113103 0.0151133 0.0351019 0.0151133 0.0202106 0.0114397 0.0189828 0.0151133 0.0151133 0.0151133 0.0471634 0.0113103 0.0189331 
891945     0.0112530 0.0112530 0.0112816 0.0112954 0.0189828 0.0000000 0.0150365 0.0112816 0.0370719 0.0350083 0.0112530 0.0270343 0.0295457 0.0295457 0.0310486 0.0395689 0.0412895 0.0150932 0.0074858 0.0112530 0.0231205 0.0112530 0.0160423 0.0075708 0.0150749 0.0112530 0.0112530 0.0112530 0.0338491 0.0074858 0.0150365 
891946     0.0112243 0.0112243 0.0112530 0.0112665 0.0189331 0.0150365 0.0000000 0.0112530 0.0453989 0.0428658 0.0112243 0.0348225 0.0337510 0.0380627 0.0388812 0.0531640 0.0496445 0.0150545 0.0074668 0.0112243 0.0308843 0.0112243 0.0159988 0.0075514 0.0150365 0.0112243 0.0112243 0.0112243 0.0423955 0.0074668 0.0149981 
89264      0.0074858 0.0074858 0.0075048 0.0075140 0.0151530 0.0112816 0.0112530 0.0000000 0.0412895 0.0389859 0.0074858 0.0309655 0.0294603 0.0338491 0.0350083 0.0487566 0.0455274 0.0112954 0.0037349 0.0074858 0.0270343 0.0074858 0.0120039 0.0037772 0.0112816 0.0074858 0.0074858 0.0074858 0.0381727 0.0037349 0.0112530 
891957     0.0411735 0.0369682 0.0412895 0.0370161 0.0500724 0.0370719 0.0453989 0.0412895 0.0000000 0.0163922 0.0411735 0.0122311 0.0044361 0.0225097 0.0081576 0.0085525 0.0039932 0.0412268 0.0369682 0.0411735 0.0081350 0.0411735 0.0351892 0.0374295 0.0455274 0.0411735 0.0327828 0.0369682 0.0270818 0.0369682 0.0453989 
891958     0.0388812 0.0388812 0.0389859 0.0349578 0.0472499 0.0350083 0.0428658 0.0389859 0.0163922 0.0000000 0.0388812 0.0152660 0.0166653 0.0251186 0.0191744 0.0261021 0.0205387 0.0389293 0.0349145 0.0388812 0.0114244 0.0388812 0.0331045 0.0353256 0.0429816 0.0388812 0.0309655 0.0388812 0.0293760 0.0349145 0.0428658 
29495      0.0074668 0.0074668 0.0074858 0.0074948 0.0151133 0.0112530 0.0112243 0.0074858 0.0411735 0.0388812 0.0000000 0.0308843 0.0294603 0.0337510 0.0349145 0.0486092 0.0453989 0.0112665 0.0037254 0.0074668 0.0269636 0.0074668 0.0119715 0.0037675 0.0112530 0.0074668 0.0074668 0.0074668 0.0294603 0.0037254 0.0112243 
891959     0.0308843 0.0308843 0.0309655 0.0269967 0.0390905 0.0270343 0.0348225 0.0309655 0.0122311 0.0152660 0.0308843 0.0000000 0.0082696 0.0166181 0.0114244 0.0216332 0.0163465 0.0309221 0.0269636 0.0308843 0.0037818 0.0308843 0.0246398 0.0272789 0.0349145 0.0308843 0.0230604 0.0308843 0.0208224 0.0269636 0.0348225 
891960     0.0337510 0.0337510 0.0338491 0.0294998 0.0427694 0.0295457 0.0337510 0.0294603 0.0044361 0.0166653 0.0294603 0.0082696 0.0000000 0.0182898 0.0041365 0.0141994 0.0088948 0.0337961 0.0294603 0.0294603 0.0041250 0.0294603 0.0270883 0.0298370 0.0381727 0.0337510 0.0251904 0.0337510 0.0182898 0.0294603 0.0380627 
891961     0.0337510 0.0337510 0.0338491 0.0294998 0.0427694 0.0295457 0.0380627 0.0338491 0.0225097 0.0251186 0.0337510 0.0166181 0.0182898 0.0000000 0.0208818 0.0228179 0.0179613 0.0337961 0.0294603 0.0337510 0.0124339 0.0337510 0.0316857 0.0298370 0.0381727 0.0337510 0.0294603 0.0337510 0.0041250 0.0294603 0.0380627 
891962     0.0349145 0.0349145 0.0350083 0.0310040 0.0432136 0.0310486 0.0388812 0.0350083 0.0081576 0.0191744 0.0349145 0.0114244 0.0041365 0.0208818 0.0000000 0.0173146 0.0122652 0.0349578 0.0309655 0.0349145 0.0075996 0.0349145 0.0288972 0.0313294 0.0389859 0.0349145 0.0270343 0.0349145 0.0251186 0.0309655 0.0388812 
891966     0.0486092 0.0440775 0.0487566 0.0441385 0.0582782 0.0395689 0.0531640 0.0487566 0.0085525 0.0261021 0.0486092 0.0216332 0.0141994 0.0228179 0.0173146 0.0000000 0.0128603 0.0486762 0.0440775 0.0486092 0.0172636 0.0486092 0.0427023 0.0446682 0.0533260 0.0486092 0.0395689 0.0440775 0.0274535 0.0440775 0.0531640 
891967     0.0453989 0.0411735 0.0455274 0.0412268 0.0543768 0.0412895 0.0496445 0.0455274 0.0039932 0.0205387 0.0453989 0.0163465 0.0088948 0.0179613 0.0122652 0.0128603 0.0000000 0.0454575 0.0411735 0.0453989 0.0122311 0.0453989 0.0396889 0.0416885 0.0497857 0.0453989 0.0369682 0.0411735 0.0225097 0.0411735 0.0496445 
698180     0.0112665 0.0112665 0.0112954 0.0037394 0.0190050 0.0150932 0.0150545 0.0112954 0.0412268 0.0389293 0.0112665 0.0309221 0.0337961 0.0337961 0.0349578 0.0486762 0.0454575 0.0000000 0.0074948 0.0112665 0.0269967 0.0112665 0.0160630 0.0075800 0.0150932 0.0112665 0.0112665 0.0112665 0.0381135 0.0074948 0.0150545 
4946       0.0037254 0.0037254 0.0037349 0.0037394 0.0113103 0.0074858 0.0074668 0.0037349 0.0369682 0.0349145 0.0037254 0.0269636 0.0294603 0.0294603 0.0309655 0.0440775 0.0411735 0.0074948 0.0000000 0.0037254 0.0230604 0.0037254 0.0079627 0.0000010 0.0074858 0.0037254 0.0037254 0.0037254 0.0337510 0.0000010 0.0074668 
29395      0.0074668 0.0074668 0.0074858 0.0074948 0.0151133 0.0112530 0.0112243 0.0074858 0.0411735 0.0388812 0.0074668 0.0308843 0.0294603 0.0337510 0.0349145 0.0486092 0.0453989 0.0112665 0.0037254 0.0000000 0.0269636 0.0074668 0.0119715 0.0037675 0.0112530 0.0074668 0.0074668 0.0074668 0.0380627 0.0037254 0.0112243 
37844      0.0269636 0.0269636 0.0270343 0.0230887 0.0351019 0.0231205 0.0308843 0.0270343 0.0081350 0.0114244 0.0269636 0.0037818 0.0041250 0.0124339 0.0075996 0.0172636 0.0122311 0.0269967 0.0230604 0.0269636 0.0000000 0.0269636 0.0204844 0.0233294 0.0309655 0.0269636 0.0191744 0.0269636 0.0166181 0.0230604 0.0308843 
53205      0.0074668 0.0074668 0.0074858 0.0074948 0.0151133 0.0112530 0.0112243 0.0074858 0.0411735 0.0388812 0.0074668 0.0308843 0.0294603 0.0337510 0.0349145 0.0486092 0.0453989 0.0112665 0.0037254 0.0074668 0.0269636 0.0000000 0.0119715 0.0037675 0.0112530 0.0074668 0.0074668 0.0074668 0.0380627 0.0037254 0.0112243 
892114     0.0119715 0.0119715 0.0120039 0.0120194 0.0202106 0.0160423 0.0159988 0.0120039 0.0351892 0.0331045 0.0119715 0.0246398 0.0270883 0.0316857 0.0288972 0.0427023 0.0396889 0.0160630 0.0079627 0.0119715 0.0204844 0.0119715 0.0000000 0.0079627 0.0160423 0.0119715 0.0039722 0.0119715 0.0363073 0.0079627 0.0159988 
891991     0.0037675 0.0037675 0.0037772 0.0037818 0.0114397 0.0075708 0.0075514 0.0037772 0.0374295 0.0353256 0.0037675 0.0272789 0.0298370 0.0298370 0.0313294 0.0446682 0.0416885 0.0075800 0.0000010 0.0037675 0.0233294 0.0037675 0.0079627 0.0000000 0.0075708 0.0037675 0.0037675 0.0037675 0.0341837 0.0000010 0.0075514 
891993     0.0037349 0.0112530 0.0112816 0.0112954 0.0189828 0.0150749 0.0150365 0.0112816 0.0455274 0.0429816 0.0112530 0.0349145 0.0381727 0.0381727 0.0389859 0.0533260 0.0497857 0.0150932 0.0074858 0.0112530 0.0309655 0.0112530 0.0160423 0.0075708 0.0000000 0.0112530 0.0112530 0.0112530 0.0425186 0.0074858 0.0074858 
29275      0.0074668 0.0074668 0.0074858 0.0074948 0.0151133 0.0112530 0.0112243 0.0074858 0.0411735 0.0388812 0.0074668 0.0308843 0.0337510 0.0337510 0.0349145 0.0486092 0.0453989 0.0112665 0.0037254 0.0074668 0.0269636 0.0074668 0.0119715 0.0037675 0.0112530 0.0000000 0.0074668 0.0074668 0.0380627 0.0037254 0.0112243 
29665      0.0074668 0.0074668 0.0074858 0.0074948 0.0151133 0.0112530 0.0112243 0.0074858 0.0327828 0.0309655 0.0074668 0.0230604 0.0251904 0.0294603 0.0270343 0.0395689 0.0369682 0.0112665 0.0037254 0.0074668 0.0191744 0.0074668 0.0039722 0.0037675 0.0112530 0.0074668 0.0000000 0.0074668 0.0337510 0.0037254 0.0112243 
892001     0.0074668 0.0000010 0.0074858 0.0074948 0.0151133 0.0112530 0.0112243 0.0074858 0.0369682 0.0388812 0.0074668 0.0308843 0.0337510 0.0337510 0.0349145 0.0440775 0.0411735 0.0112665 0.0037254 0.0074668 0.0269636 0.0074668 0.0119715 0.0037675 0.0112530 0.0074668 0.0074668 0.0000000 0.0380627 0.0037254 0.0112243 
892008     0.0380627 0.0380627 0.0381727 0.0337961 0.0471634 0.0338491 0.0423955 0.0381727 0.0270818 0.0293760 0.0294603 0.0208224 0.0182898 0.0041250 0.0251186 0.0274535 0.0225097 0.0381135 0.0337510 0.0380627 0.0166181 0.0380627 0.0363073 0.0341837 0.0425186 0.0380627 0.0337510 0.0380627 0.0000000 0.0337510 0.0423955 
30321      0.0037254 0.0037254 0.0037349 0.0037394 0.0113103 0.0074858 0.0074668 0.0037349 0.0369682 0.0349145 0.0037254 0.0269636 0.0294603 0.0294603 0.0309655 0.0440775 0.0411735 0.0074948 0.0000010 0.0037254 0.0230604 0.0037254 0.0079627 0.0000010 0.0074858 0.0037254 0.0037254 0.0037254 0.0337510 0.0000000 0.0074668 
892021     0.0037254 0.0112243 0.0112530 0.0112665 0.0189331 0.0150365 0.0149981 0.0112530 0.0453989 0.0428658 0.0112243 0.0348225 0.0380627 0.0380627 0.0388812 0.0531640 0.0496445 0.0150545 0.0074668 0.0112243 0.0308843 0.0112243 0.0159988 0.0075514 0.0074858 0.0112243 0.0112243 0.0112243 0.0423955 0.0074668 0.0000000 
