WP_Ssid_21_2017	106128	0.0	0.003876053395932329	0.00792321977992225	0.008473783646487383	0.002031528447030795	0.002462396856823539	0.0027866766922407813	0.002144395121765834	0.007769089750737177	0.00786085715408488	0.00898913736288837	0.008001813980989435
WP_Ssid_26_2017	106133	0.003876053395932329	0.0	0.0049581995130046075	0.004951946259519759	0.0024711271386841224	0.002596872570999319	0.0022701707085668204	0.0019634117198099052	0.004093429044842876	0.004185196448190579	0.005357604620941629	0.004326153275095133
WP_Cnat_31_2017	106137	0.00792321977992225	0.0049581995130046075	0.0	0.0011859655974933412	0.006716473502230892	0.006546160466804177	0.006598211602826298	0.006495053794189143	0.0010634047348615882	0.0011528464536014406	0.0024179572028823447	0.0013052292878129915
WP_Cnat_31_2019	106248	0.008473783646487383	0.004951946259519759	0.0011859655974933412	0.0	0.006710217062298877	0.0067780088606352335	0.006591957348841199	0.006488797354257128	0.0011880051541185244	0.0009570822269210184	0.0023435033460169853	0.0010691095434417976
WP_Ssid_96_2017	106180	0.002031528447030795	0.0024711271386841224	0.006716473502230892	0.006710217062298877	0.0	0.0012135854590597617	0.0014240928345789776	0.0007362943040906866	0.005851713654525447	0.005943481057873149	0.007096307110572652	0.006084437884777703
WP_Ssid_77_2017	106186	0.002462396856823539	0.002596872570999319	0.006546160466804177	0.0067780088606352335	0.0012135854590597617	0.0	0.0023205300280763324	0.0014715383715441102	0.006325860774210523	0.006011383746812931	0.007545737517569597	0.006152355434086175
CH_Cnat_48_2018	106211	0.0027866766922407813	0.0022701707085668204	0.006598211602826298	0.006591957348841199	0.0014240928345789776	0.0023205300280763324	0.0	0.001050481452235822	0.005733451509510751	0.005825218912858453	0.007004015429650756	0.005966175739763008
CH_Ssid_07_2017	106114	0.002144395121765834	0.0019634117198099052	0.006495053794189143	0.006488797354257128	0.0007362943040906866	0.0014715383715441102	0.001050481452235822	0.0	0.005630351680671855	0.0057220613498314	0.0068503824902529905	0.005863021259421641
WP_Ssid_109_2017	106179	0.007769089750737177	0.004093429044842876	0.0010634047348615882	0.0011880051541185244	0.005851713654525447	0.006325860774210523	0.005733451509510751	0.005630351680671855	0.0	0.0007912139872225687	0.0017007065019490107	0.0009436073149583273
WP_Ssid_105_2017	106185	0.00786085715408488	0.004185196448190579	0.0011528464536014406	0.0009570822269210184	0.005943481057873149	0.006011383746812931	0.005825218912858453	0.0057220613498314	0.0007912139872225687	0.0	0.0022037139295263794	0.0002104340419050256
ET_Cnat_61_2018	106193	0.00898913736288837	0.005357604620941629	0.0024179572028823447	0.0023435033460169853	0.007096307110572652	0.007545737517569597	0.007004015429650756	0.0068503824902529905	0.0017007065019490107	0.0022037139295263794	0.0	0.00229310994168193
WP_Ssid_45_2019	106263	0.008001813980989435	0.004326153275095133	0.0013052292878129915	0.0010691095434417976	0.006084437884777703	0.006152355434086175	0.005966175739763008	0.005863021259421641	0.0009436073149583273	0.0002104340419050256	0.00229310994168193	0.0
