CH_Ofav_03_2017	106110	0.0	0.0017081745098069907	0.0015468709994938142	0.0015354658167965982	0.001882736854255177	0.001617924713108949	0.0003359358793410774	0.001546075460247333	0.0016619980275847145	0.0016767990642163756	0.001142753766563997	0.0008513169534088592	0.0018888049082913772	0.0008541603561276395	0.0009208249297843608	0.001134099257569442	0.0017587422509734625	0.001644668312296186	0.001074831515815464	0.001144737744760728	0.0018860416387976127	0.002077894558148282	0.00014141172743753464	0.002179625617414043	0.009361444947131694	0.006211745820765494	0.0010183285607118806	0.00257507692831317	0.0032609208347971676	0.002102465128177983	0.00427819310119512	0.002114916435919515	0.0024965260390109605	0.004013780244464445	0.007817751508561727	0.007427393980931169	0.007895224344333191	0.0084001976155159	0.007827104747041664	0.007934688121760363	0.007911927551504418	0.007806702566921362	0.008148420579780843	0.008553722592905117	0.008225474318536614	0.007677566360811093	0.007971566475994288	0.007942726270744037	0.008605032987265645	0.00787810123930832	0.0079286424692936	0.008329119878101981	0.009186218063220276	0.008287134602078508	0.008496396667117587	0.008802761521289254	0.007827829733215275	0.0077912153141023975	0.007734097799179631	0.007171377677590201	0.008357408441715815	0.00809821536331032	0.007420477172165604	0.0076612442791982645	0.007715566671434521	0.00796931804485109	0.008379621914511562	0.008371031699310463	0.008694186750593962	0.008054696099417714	0.008305445751082411	0.008336206814351368	0.007783289820388789	0.008172921372125004	0.008487537795956644	0.008201439723571017	0.007867155149710623	0.007795112223000844	0.008579806080799064	0.008105431212537394	0.008428146936265247	0.009124016180412906	0.007888067060110845	0.008716760079872689	0.007885626735377817	0.007989072763627612	0.008011958219308748	0.008475201975841075	0.008393381071469325	0.008122215406581956	0.006431631175571936	0.015584126862005542	0.012786567302574502	0.019936287988916366	0.014408362280420653	0.008767700919708622	0.00877490542298926	0.008160801654575953	0.009855331928475224	0.008873186276231232	0.008829358713034412	0.023315067873428158	0.011312527375750038	0.008133542055082772	0.01895035750010135	0.0145535029354037	0.007284530012436543	0.012123479931766754	0.0095719106366165	0.008087583702621788	0.007081357878752239	0.014424530147140718	0.008288458440691222	0.008409967124870688	0.006435120403879932	0.00832005893764749	0.008812596314267741	0.008574236722849458	0.008214750525552404	0.024034304288988527	0.020334145174038927
WP_Ofra_17_2017	106124	0.0017081745098069907	0.0	0.0016868625895880536	0.0017228677308401593	0.0018921974310031856	0.0008532156223252443	0.0015272791604842711	0.0018586674529290598	0.0013567345385449522	0.0018850738575411378	0.0018481322669562077	0.0013024370137623377	0.001851767269753711	0.0018859565017383592	0.0016056508666247575	0.0018715014901514765	0.0010413663095876703	0.001913849946607286	0.0017250566478772534	0.0019079061630217949	0.0011422627947510412	0.001085586650656602	0.0016897030209883084	0.0021377342363791034	0.008692067768694956	0.005679313867375626	0.0018151960659327463	0.002156172952139974	0.003000430060962948	0.0012940991852996467	0.0034568085338606254	0.0011290687184172749	0.001472322863521381	0.0030842547677751428	0.006888883625883141	0.006498526098252582	0.006966356461654605	0.007471329732837314	0.00689823686436308	0.007005820239081776	0.006983059668825831	0.006877834684242776	0.007219552697102257	0.007624854710226532	0.007296606435858026	0.006748698478132507	0.007042698593315703	0.007013858388065452	0.007676165104587058	0.006949233356629733	0.006999774586615014	0.007400251995423393	0.00825735018054169	0.007358266719399922	0.007567528784438999	0.007873893638610668	0.0068989618505366865	0.006862347431423811	0.006805229916501045	0.006242654681669697	0.007428540559037229	0.007169347480631734	0.006491609289487017	0.006732376396519678	0.0067866987887559346	0.007040450162172504	0.007450754031832974	0.007442163816631877	0.007765318867915375	0.007125828216739127	0.007376577868403826	0.0074073389316727835	0.006854421937710203	0.007244053489446418	0.007558669913278058	0.007272571840892431	0.006938287267032037	0.006866244340322258	0.007650938198120477	0.007176563329858808	0.007499279053586659	0.008195148297734317	0.006959199177432261	0.0077878921971941024	0.006956758852699231	0.007060204880949026	0.0070830903366301615	0.00754633409316249	0.00746451318879074	0.00719334752390337	0.005502763292893349	0.014655258979326955	0.01185769941989592	0.019007395623202524	0.013479494397742065	0.007838833037030037	0.007846037540310673	0.007231933771897367	0.008926464045796638	0.007944318393552644	0.007900490830355825	0.022386194682878377	0.01038365949307145	0.007204674172404185	0.01802146513438751	0.013624635052725112	0.006355662129757958	0.011194612049088167	0.008643042753937912	0.007158715819943201	0.006152489996073653	0.013495662264462131	0.007359759527019476	0.0074810992421921	0.005506144581575059	0.007391191054968902	0.007883728431589153	0.00764536884017087	0.007285882642873817	0.023105411923274685	0.019405252808325085
WP_Ofav_18_2017	106125	0.0015468709994938142	0.0016868625895880536	0.0	0.0002724882036006627	0.0010368795887376115	0.0015724699978347176	0.001451695094890253	0.0015137397892782062	0.0015540533834738734	0.0005262789032608923	0.0013511753764551932	0.00159051620435479	0.0011050341597612027	0.001392125151620069	0.0016271999226775808	0.0015143845384601668	0.0017133082398730231	0.00046473832435442594	0.0010710612413127344	0.0015062375795675243	0.0019213629817809762	0.0018620883166127133	0.001497993778596456	0.001176241156865885	0.009645792690354305	0.0064574760127123695	0.0014076067106865062	0.0025923937227965363	0.0028757879785853936	0.0021296219058421365	0.004081120411510033	0.0015617041271383115	0.002303880313436364	0.0038625946879938568	0.007667042162705064	0.007276684635074505	0.007744514998476528	0.008249488269659235	0.007676395401185001	0.007783978775903698	0.007761218205647754	0.0076559932210646985	0.007997711233924178	0.008403013247048455	0.008074764972679949	0.00752685701495443	0.007820857130137627	0.007792016924887374	0.008454323641408981	0.007727391893451656	0.007777933123436937	0.008178410532245316	0.00903550871736361	0.008136425256221845	0.008345687321260922	0.00865205217543259	0.0076771203873586095	0.007640505968245734	0.007583388453322968	0.00702081321849162	0.00820669909585915	0.007947506017453657	0.00726976782630894	0.007510534933341601	0.0075648573255778576	0.007818608698994426	0.008228912568654897	0.0082203223534538	0.008543477404737296	0.007903986753561049	0.008154736405225748	0.008185497468494706	0.007632580474532125	0.008022212026268339	0.008336828450099979	0.008050730377714354	0.007716445803853958	0.007644402877144181	0.008429096734942399	0.007954721866680732	0.008277437590408582	0.00897330683455624	0.007737357714254181	0.008566050734016024	0.007734917389521154	0.007838363417770949	0.007861248873452086	0.008324492629984411	0.008242671725612664	0.007971506060725293	0.006280936933261331	0.015433417516148877	0.012635857956717837	0.01978556779940727	0.014257652934563988	0.008616991573851958	0.008624196077132596	0.00801009230871929	0.00970462258261856	0.008722476930374567	0.008678649367177748	0.023164353219700298	0.011161818029893373	0.007982832709226107	0.018799637310592258	0.014402793589547035	0.00713382066657988	0.01197277058591009	0.009421201290759837	0.007936874356765124	0.006930648532895576	0.014273820801284053	0.008137856044564181	0.008259257779014022	0.00628444456824722	0.008169349591790824	0.008661886968411076	0.008423527376992793	0.00806404117969574	0.02388358409947943	0.02018342498452983
ET_Ofav_32_2017	106139	0.0015354658167965982	0.0017228677308401593	0.0002724882036006627	0.0	0.001097492738443975	0.0016052424107318645	0.001431057036324019	0.0014870161962225069	0.0015778178600608997	0.0002974093346901462	0.001339317329963151	0.0015830086033573716	0.0011656481538597028	0.0013861608246515929	0.0016312696557025416	0.0014876132810064874	0.001746127470841597	0.00022189509196493196	0.0010349408175786463	0.001479466322113845	0.0019574935729256334	0.0018982275509681055	0.0015168958310928958	0.0012089819598342971	0.009706466210025237	0.006518129960709796	0.0013985106901607933	0.0026250296279747482	0.0029412129037971898	0.002162173184722527	0.004113657181303173	0.0015999098126723336	0.002339895765239374	0.003923180919288357	0.007727696702866231	0.007337339175235673	0.007805169538637696	0.008310142809820405	0.0077370499413461705	0.007844633316064867	0.007821872745808922	0.007716647761225867	0.008058365774085348	0.008463667787209623	0.008135419512841118	0.007587511555115598	0.007881511670298793	0.007852671465048543	0.00851497818157015	0.007788046433612824	0.007838587663598105	0.008239065072406486	0.00909616325752478	0.008197079796383013	0.008406341861422091	0.008712706715593758	0.007737774927519778	0.007701160508406903	0.0076440429934841354	0.0070814677586527874	0.008267353636020321	0.008008160557614824	0.007330422366470108	0.007571189473502769	0.007625511865739025	0.007879263239155596	0.008289567108816065	0.008280976893614967	0.008604131944898466	0.007964641293722218	0.008215390945386916	0.008246152008655874	0.007693235014693295	0.008082866566429509	0.008397482990261149	0.008111384917875523	0.0077771003440151275	0.0077050574173053495	0.008489751275103569	0.008015376406841902	0.008338092130569751	0.00903396137471741	0.007798012254415351	0.008626705274177193	0.007795571929682322	0.007899017957932117	0.007921903413613254	0.00838514717014558	0.008303326265773832	0.008032160600886462	0.0063416207419706196	0.015494072056310046	0.012696512496879007	0.019846215914805274	0.014318307474725157	0.008677646114013126	0.008684850617293766	0.00807074684888046	0.009765277122779728	0.008783131470535738	0.008739303907338916	0.023225007759861464	0.011222472570054542	0.008043487249387277	0.01886028542599026	0.014463448129708205	0.007194475206741048	0.012033425126071258	0.009481855830921005	0.007997528896926294	0.006991303073056744	0.014334475341445222	0.008198510584725349	0.008319912319175192	0.0063451283769565105	0.008230004131951994	0.008722541508572247	0.008484181917153963	0.008124695719856908	0.02394423221487743	0.02024407309992783
CH_Ofav_47_2017	106142	0.001882736854255177	0.0018921974310031856	0.0010368795887376115	0.001097492738443975	0.0	0.0017949997143339592	0.0017860619219830735	0.001869486982620883	0.001734357480322262	0.0011264658199895883	0.0018159487052531993	0.0019452101911903092	0.00011164995405358478	0.0017572989248769175	0.0019617473971566346	0.001870221159372255	0.001965991507998353	0.00127309177884172	0.0015608212255666793	0.0018596868684152567	0.0021332025537805816	0.002066332992670288	0.0018616030571128245	0.0009053174802653115	0.009717517720492723	0.006529243718400829	0.0017627362590794662	0.002702374724752756	0.002994625154752034	0.0022400942279922936	0.004191456895383212	0.001877519069973329	0.0025077289363145986	0.003934832183360843	0.007738996200336459	0.0073486386727059	0.007816469036107922	0.008140438400973683	0.007748349438816395	0.007855932813535093	0.007833172243279148	0.007727947258696093	0.008069665271555573	0.0082939633783629	0.008146719010311342	0.007598811052585823	0.00789281116776902	0.007863970962518767	0.008526277679040375	0.00779934593108305	0.00784988716106833	0.00825036456987671	0.008926458848678057	0.008208379293853239	0.008236637452575368	0.008724006213063986	0.007749074424990003	0.007712460005877129	0.007655342490954362	0.006947528708390055	0.008278653133490545	0.00801946005508505	0.007341721863940334	0.007582488970972995	0.007636811363209251	0.007890562736625821	0.008300866606286292	0.008111272484768246	0.00861543144236869	0.007975940791192442	0.008045686536540194	0.0082574515061261	0.00770453451216352	0.008094166063899734	0.008227778581414425	0.008122684415345749	0.007788399841485353	0.007716356914775574	0.008320046866256847	0.007845671997995178	0.008168387721723028	0.008864256965870686	0.007809311751885576	0.00845700086533047	0.007806871427152548	0.007910317455402343	0.00793320291108348	0.008396446667615805	0.008314625763244057	0.008043460098356686	0.006352878615737116	0.015505371553780272	0.012707811994349234	0.019857508822722917	0.014329606972195383	0.008688945611483352	0.00869615011476399	0.008082046346350685	0.009595572713933007	0.008613427061689011	0.008750603404809142	0.023236307257331692	0.011052768161207819	0.008054786746857502	0.018871578333907905	0.01447474762717843	0.007205774704211275	0.012044724623541486	0.00949315532839123	0.008008828394396518	0.00700260257052697	0.014345774838915448	0.008209821256564626	0.008331211816645416	0.006356317316460255	0.00824130362942222	0.008733841006042471	0.008495481414624188	0.008135995217327135	0.023955525122795075	0.020255366007845478
ET_Oann_38_2017	106145	0.001617924713108949	0.0008532156223252443	0.0015724699978347176	0.0016052424107318645	0.0017949997143339592	0.0	0.001435724045768287	0.0017677778422256097	0.0014502141118851847	0.001773571827886307	0.0017078680946201838	0.0013738983583315852	0.0017747595001924412	0.0018021181645033373	0.0016771103621483778	0.0017826890621736489	0.00041986673375770067	0.0017750013420144103	0.001614243832309556	0.0018339588262721318	0.0007810455551533008	0.0012239805695791052	0.0016055940338161102	0.0019068223499403227	0.008763608257600437	0.00582710199595644	0.0017983041216867567	0.002270647315777765	0.0028711449435437643	0.0014713283068447916	0.0036302413943464958	0.0012831134173974786	0.0015612243821980086	0.0032218438179726955	0.007026515235576122	0.006636157707945563	0.007103988071347584	0.007608961342530293	0.007035868474056058	0.007143451848774756	0.0071206912785188115	0.007015466293935756	0.007357184306795236	0.007762486319919512	0.007434238045551006	0.006886330087825486	0.007180330203008683	0.007151489997758432	0.007813796714280037	0.007086864966322713	0.007137406196307995	0.007537883605116372	0.008394981790234669	0.0074958983290929	0.007705160394131978	0.008011525248303647	0.007036593460229668	0.006999979041116791	0.006942861526194024	0.006380286291362676	0.007566172168730208	0.007306979090324713	0.006629240899179996	0.0068700080062126575	0.006924330398448914	0.007178081771865484	0.007588385641525954	0.007579795426324858	0.007902950477608355	0.007263459826432106	0.007514209478096806	0.007544970541365764	0.0069920535474031825	0.007381685099139396	0.007696301522971039	0.00741020345058541	0.007075918876725016	0.007003875950015238	0.007788569807813459	0.007314194939551787	0.007636910663279638	0.008332779907427298	0.007096830787125239	0.007925523806887082	0.00709439046239221	0.007197836490642005	0.0072207219463231425	0.007683965702855468	0.007602144798483719	0.007330979133596349	0.0056403949025863286	0.014792890589019935	0.011995331029588897	0.01914501461593713	0.013617126007435046	0.007976464646723015	0.007983669150003652	0.007369565381590348	0.009064095655489617	0.008081950003245623	0.008038122440048805	0.022523826292571353	0.01052129110276443	0.007342305782097165	0.018159087736874725	0.013762271586688194	0.006493293739450936	0.011332243658781146	0.008780674363630893	0.007296347429636182	0.006290121605766632	0.01363329387415511	0.007497357121869238	0.0076187308518850805	0.005643857883700941	0.007528822664661882	0.008021360041282132	0.00778300044986385	0.007423514252566797	0.023243030916009287	0.01954287180105969
ET_Ofra_40_2017	106147	0.0003359358793410774	0.0015272791604842711	0.001451695094890253	0.001431057036324019	0.0017860619219830735	0.001435724045768287	0.0	0.0014231431776658135	0.0014805888634250833	0.0015216397920314341	0.0009792677748079758	0.0006239541229405583	0.0017921837860843414	0.0009874562277585996	0.0006659197779454259	0.0009970906790323579	0.0015765486763093892	0.0015333001799060436	0.0009361890588338827	0.000996754310456337	0.0017210244321302069	0.0018792063912827792	0.0003482333303161472	0.0021046840514215934	0.009299049260436142	0.00622477007234771	0.000905254817682311	0.0024452455297451748	0.0031930113517909583	0.002002269266586025	0.004170325247495784	0.00195906220210411	0.0023190209451002435	0.003938016804077904	0.0077420166025232735	0.007351659074892714	0.007819489438294738	0.008324462709477447	0.007751369841003212	0.00785895321572191	0.007836192645465964	0.007730967660882909	0.00807268567374239	0.008477987686866664	0.00814973941249816	0.0076018314547726396	0.007895831569955835	0.007866991364705585	0.008529298081227191	0.0078023663332698655	0.007852907563255147	0.008253384972063526	0.009110483157181822	0.008211399696040053	0.008420661761079131	0.0087270266152508	0.007752094827176819	0.007715480408063945	0.0076583628931411775	0.007095642771551747	0.008281673535677362	0.008022480457271866	0.00734474226612715	0.007585509373159811	0.007639831765396067	0.007893583138812636	0.008303887008473107	0.008295296793272008	0.008618451844555508	0.007978961193379258	0.008229710845043958	0.008260471908312916	0.007707554914350335	0.00809718646608655	0.00841180288991819	0.008125704817532563	0.0077914202436721695	0.007719377316962391	0.00850407117476061	0.00802969630649894	0.008352412030226792	0.00904828127437445	0.007812332154072392	0.008641025173834235	0.007809891829339364	0.007913337857589159	0.007936223313270294	0.008399467069802623	0.008317646165430872	0.008046480500543502	0.00635589626953348	0.015508391955967087	0.012710832396536049	0.019860526645866093	0.014332627374382198	0.008691966013670168	0.008699170516950808	0.008085066748537501	0.009779597022436769	0.008797451370192777	0.008753623806995958	0.02323932765951851	0.011236792469711583	0.008057807149044319	0.01887459615705108	0.014477768029365247	0.00720879510639809	0.0120477450257283	0.009496175730578045	0.008011848796583334	0.007005622972713786	0.014348795241102262	0.008212698159804386	0.008334232218832234	0.006359337230266873	0.008244324031609034	0.008736861408229286	0.008498501816811003	0.00813901561951395	0.023958542945938254	0.020258383830988654
CH_Oann_56_2017	106158	0.001546075460247333	0.0018586674529290598	0.0015137397892782062	0.0014870161962225069	0.001869486982620883	0.0017677778422256097	0.0014231431776658135	0.0	0.002009542324204637	0.0016125802769638975	0.0009431972324115773	0.0015122917402342578	0.0019115353682140485	0.001705944772408124	0.001752435172871798	0.000699473753349823	0.0019072135519779493	0.0015849278883195152	0.0007334006452886943	0.0007217765658224049	0.002080563130691238	0.0020104275328250614	0.001623466874351787	0.0021834440932375953	0.00941950162255633	0.006549417942753818	0.0008597412160395098	0.002952609494566629	0.0033064071155550798	0.0022665749807108393	0.0044423844799603256	0.0019870727474349936	0.0024495301905166577	0.004122876475153562	0.007926849162695053	0.007536491635064495	0.008004321998466516	0.008509295269649225	0.007936202401174989	0.008043785775893687	0.008021025205637742	0.007915800221054687	0.008257518233914168	0.008662820247038443	0.008334571972669937	0.007786664014944418	0.008080664130127615	0.008051823924877362	0.00871413064139897	0.007987198893441644	0.008037740123426925	0.008438217532235302	0.0092953157173536	0.008396232256211833	0.00860549432125091	0.00891185917542258	0.007936927387348598	0.007900312968235724	0.007843195453312956	0.007280475331723525	0.00846650609584914	0.008207313017443645	0.007529574826298929	0.007770341933331589	0.007824664325567846	0.008078415698984416	0.008488719568644887	0.008480129353443791	0.008803284404727286	0.008163793753551038	0.008414543405215738	0.008445304468484694	0.007892387474522115	0.00828201902625833	0.008596635450089969	0.008310537377704343	0.007976252803843948	0.00790420987713417	0.00868890373493239	0.00821452886667072	0.008537244590398571	0.009233113834546228	0.007997164714244172	0.008825857734006013	0.007994724389511144	0.008098170417760937	0.008121055873442074	0.0085842996299744	0.008502478725602652	0.00823131306071528	0.00654072882970526	0.015693224516138866	0.012895664956707829	0.020045344966581162	0.014517459934553976	0.008876798573841948	0.008884003077122584	0.00826989930870928	0.009964429582608549	0.008982283930364555	0.008938456367167736	0.023424160219690286	0.011421625029883361	0.008242639709216097	0.019059421663993655	0.014662600589537025	0.007393627666569869	0.012232577585900078	0.009681008290749825	0.008196681356755112	0.007190455532885564	0.01453362780127404	0.008397623000505715	0.008519064779004012	0.006544195648181731	0.008429156591780814	0.008921693968401066	0.008683334376982783	0.008323848179685728	0.024143361266653323	0.02044320215170372
ET_Ofra_59_2017	106164	0.0016619980275847145	0.0013567345385449522	0.0015540533834738734	0.0015778178600608997	0.001734357480322262	0.0014502141118851847	0.0014805888634250833	0.002009542324204637	0.0	0.001579643882542543	0.0019339043658730048	0.00166881544411933	0.0017312451879679675	0.0017775154101056304	0.001900067641351351	0.0020253677826660246	0.0016445774037685947	0.0015694658190337294	0.0017377665483102932	0.002035949082171895	0.0018414050182014943	0.0018965203828754118	0.0016206472826449335	0.0021834142648158765	0.009577942440814495	0.0065204914589848464	0.0019310906637947814	0.0026625486531881154	0.003174948911783392	0.00202133134042396	0.004150963307672128	0.0019266332555560358	0.0023383430189603685	0.0039257157245201554	0.0077300612174923625	0.007339703689861804	0.007807534053263827	0.008312507324446536	0.0077394144559723	0.007846997830690997	0.007824237260435052	0.0077190122758519965	0.008060730288711477	0.008466032301835753	0.008137784027467248	0.007589876069741727	0.007883876184924924	0.007855035979674673	0.00851734269619628	0.007790410948238955	0.007840952178224236	0.008241429587032615	0.00909852777215091	0.008199444311009142	0.00840870637604822	0.00871507123021989	0.0077401394421459085	0.007703525023033033	0.007646407508110266	0.007083832273278917	0.008269718150646449	0.008010525072240956	0.0073327868810962385	0.007573553988128899	0.007627876380365156	0.007881627753781725	0.008291931623442196	0.008283341408241097	0.008606496459524597	0.00796700580834835	0.008217755460013047	0.008248516523282004	0.007695599529319424	0.00808523108105564	0.00839984750488728	0.008113749432501653	0.007779464858641257	0.007707421931931479	0.0084921157897297	0.00801774092146803	0.00834045664519588	0.009036325889343538	0.00780037676904148	0.008629069788803323	0.007797936444308452	0.007901382472558248	0.007924267928239383	0.00838751168477171	0.008305690780399961	0.008034525115512592	0.00634394088450257	0.015496436570936176	0.012698877011505138	0.019848579437287222	0.014320671989351287	0.008680010628639257	0.008687215131919893	0.008073111363506589	0.00976764163740586	0.008785495985161866	0.008741668421965047	0.023227372274487595	0.01122483708468067	0.008045851764013408	0.018862648948472206	0.014465812644334334	0.007196839721367178	0.012035789640697389	0.009484220345547134	0.007999893411552422	0.006993667587682873	0.014336839856071353	0.008200926289865587	0.008322276833801321	0.0063473947752899895	0.008232368646578123	0.008724906023198375	0.008486546431780092	0.008127060234483039	0.02394659573735938	0.020246436622409783
WP_Ofav_64_2017	106169	0.0016767990642163756	0.0018850738575411378	0.0005262789032608923	0.0002974093346901462	0.0011264658199895883	0.001773571827886307	0.0015216397920314341	0.0016125802769638975	0.001579643882542543	0.0	0.0014351565017742467	0.0016858488641659283	0.0011946172863663664	0.0015827871661176498	0.0017341035605305305	0.001613118996833399	0.0019144520513698746	0.00018698898127881295	0.001158099035746344	0.0016049833274821381	0.00211972686555656	0.002060427515750528	0.0017134239909794326	0.0012738307701858145	0.009880615538560993	0.006692352785482253	0.0015363187456214201	0.002805539390917882	0.0031530507715246464	0.0023428131901951366	0.004294074709889259	0.0017742870374387835	0.002501941948668765	0.0040974707488329746	0.007902021990705577	0.007511664463075018	0.00797949482647704	0.008484468097659749	0.007911375229185514	0.008018958603904211	0.007996198033648268	0.007890973049065211	0.008232691061924691	0.008637993075048965	0.008309744800680464	0.007761836842954941	0.008055836958138139	0.008026996752887886	0.008689303469409493	0.007962371721452168	0.00801291295143745	0.00841339036024583	0.009270488545364126	0.008371405084222357	0.008580667149261435	0.008887032003433104	0.007912100215359121	0.007875485796246248	0.007818368281323481	0.007110554498759171	0.008441678923859663	0.008182485845454168	0.007504747654309452	0.007745514761342112	0.00779983715357837	0.00805358852699494	0.00846389239665541	0.008455302181454311	0.008778457232737812	0.008138966581561562	0.008389716233226261	0.008420477296495218	0.007867560302532637	0.008257191854268854	0.008571808278100492	0.008285710205714867	0.007951425631854471	0.007879382705144693	0.008664076562942914	0.008189701694681244	0.008512417418409093	0.009208286662556752	0.007972337542254694	0.008801030562016537	0.007969897217521667	0.00807334324577146	0.008096228701452598	0.008559472457984926	0.008477651553613175	0.008206485888725806	0.00651594481041421	0.01566839734414939	0.012870837784718352	0.020020538008298235	0.014492632762564501	0.008851971401852472	0.008859175905133108	0.008245072136719801	0.009939602410619072	0.00895745675837508	0.00891362919517826	0.02339933304770081	0.011396797857893885	0.008217812537226619	0.019034607519483222	0.014637773417547548	0.007368800494580392	0.012207750413910602	0.009656181118760349	0.008171854184765638	0.007165628360896088	0.014508800629284564	0.008372835872564693	0.008494237607014538	0.0065194524454001	0.008404329419791337	0.00889686679641159	0.008658507204993306	0.008299021007696252	0.024118554308370392	0.020418395193420792
WP_Ofra_65_2017	106170	0.001142753766563997	0.0018481322669562077	0.0013511753764551932	0.001339317329963151	0.0018159487052531993	0.0017078680946201838	0.0009792677748079758	0.0009431972324115773	0.0019339043658730048	0.0014351565017742467	0.0	0.0012680736993917181	0.0018580217165292778	0.0012108113453255765	0.001320166487060828	0.0007940713393160495	0.001840380677251667	0.0014260475354575303	0.0006322325958145593	0.0008322147690692544	0.002013391395977749	0.0021019611016855097	0.0012021114071761373	0.001990458004475059	0.00956866349599607	0.00663419917927627	0.000946902732902542	0.0028069443990709287	0.003424809560482716	0.0023473707068465887	0.004523068857590773	0.0020741869952072387	0.0025399355425378615	0.004207688439572623	0.008011630399217507	0.007621272871586948	0.00808910323498897	0.008594076506171678	0.008020983637697444	0.00812856701241614	0.008105806442160197	0.00800058145757714	0.008342299470436621	0.008747601483560897	0.008419353209192392	0.007871445251466871	0.008165445366650068	0.008136605161399817	0.008798911877921423	0.008071980129964098	0.00812252135994938	0.008522998768757757	0.009380096953876054	0.008481013492734286	0.008690275557773365	0.008996640411945034	0.008021708623871053	0.007985094204758177	0.00792797668983541	0.007365256568245979	0.008551287332371593	0.008292094253966098	0.007614356062821382	0.007855123169854043	0.007909445562090299	0.00816319693550687	0.00857350080516734	0.008564910589966244	0.008888065641249741	0.008248574990073492	0.008499324641738191	0.008530085705007148	0.007977168711044568	0.008366800262780784	0.008681416686612424	0.008395318614226795	0.008061034040366403	0.007988991113656623	0.008773684971454844	0.008299310103193173	0.008622025826921025	0.009317895071068682	0.008081945950766627	0.008910638970528467	0.008079505626033595	0.00818295165428339	0.008205837109964528	0.008669080866496853	0.008587259962125105	0.008316094297237734	0.0066255100662277145	0.01577800575266132	0.012980446193230282	0.02013012761795724	0.01460224117107643	0.008961579810364401	0.008968784313645038	0.008354680545231733	0.010049210819131002	0.00906706516688701	0.00902323760369019	0.02350894145621274	0.011506406266405814	0.008327420945738552	0.019144202900516112	0.014747381826059478	0.007478408903092321	0.012317358822422533	0.009765789527272278	0.008281462593277566	0.007275236769408017	0.014618409037796496	0.008482329384803321	0.008603846015526466	0.006628970081012365	0.008513937828303267	0.009006475204923519	0.008768115613505236	0.008408629416208183	0.0242281439180294	0.0205279848030798
ET_Ofra_40_2018	106204	0.0008513169534088592	0.0013024370137623377	0.00159051620435479	0.0015830086033573716	0.0019452101911903092	0.0013738983583315852	0.0006239541229405583	0.0015122917402342578	0.00166881544411933	0.0016858488641659283	0.0012680736993917181	0.0	0.0019512652720380386	0.001138954315407893	0.00034541392555459535	0.0010675480780945356	0.0015650202722173909	0.0016512025860732573	0.001021538316875105	0.0010930714623485836	0.0017448651705994692	0.0017183123476002293	0.0008558163334568023	0.002243513987984565	0.009026665962742961	0.006156639443784952	0.0009336435382675373	0.0021936038850577655	0.003407061561377249	0.001765817161189105	0.003941600921612059	0.0017403180950447592	0.0021594477036318226	0.0037299252169177553	0.007534070663726187	0.007143713136095628	0.007611543499497652	0.008116516770680359	0.0075434239022061245	0.007651007276924821	0.007628246706668877	0.007523021722085821	0.007864739734945302	0.008270041748069577	0.007941793473701072	0.0073938855159755516	0.007687885631158749	0.0076590454259084974	0.008321352142430105	0.007594420394472779	0.00764496162445806	0.008045439033266438	0.008902537218384736	0.008003453757242967	0.008212715822282045	0.008519080676453714	0.007544148888379733	0.007507534469266858	0.007450416954344091	0.006887696832754659	0.008073727596880275	0.007814534518474778	0.007136796327330062	0.007377563434362723	0.007431885826598981	0.00768563720001555	0.00809594106967602	0.008087350854474923	0.008410505905758422	0.007771015254582172	0.008021764906246872	0.008052525969515828	0.007499608975553249	0.007889240527289464	0.008203856951121104	0.007917758878735477	0.007583474304875082	0.0075114313781653045	0.008296125235963524	0.007821750367701854	0.008144466091429704	0.008840335335577362	0.007604386215275304	0.008433079235037147	0.007601945890542277	0.007705391918792071	0.007728277374473208	0.008191521131005535	0.008109700226633786	0.007838534561746414	0.006147950330736394	0.01530044601717	0.012502886457738964	0.01965259329712476	0.01412468143558511	0.008484020074873082	0.00849122457815372	0.007877120809740413	0.009571651083639684	0.00858950543139569	0.008545677868198872	0.02303138172072142	0.011028846530914497	0.007849861210247232	0.018666662808309746	0.014269822090568159	0.0070008491676010025	0.011839799086931214	0.009288229791780959	0.007803902857786248	0.006797677033916698	0.014140849302305176	0.008004836692947402	0.008126286280035146	0.006151364549897036	0.008036378092811948	0.0085289154694322	0.008290555878013917	0.007931069680716864	0.02375060959719692	0.02005045048224732
CH_Ofav_47_2018	106210	0.0018888049082913772	0.001851767269753711	0.0011050341597612027	0.0011656481538597028	0.00011164995405358478	0.0017747595001924412	0.0017921837860843414	0.0019115353682140485	0.0017312451879679675	0.0011946172863663664	0.0018580217165292778	0.0019512652720380386	0.0	0.0018001418907446917	0.0019678092018918917	0.0018928512763268575	0.001956726508290242	0.0013412055716616577	0.001593546763740466	0.0018830124019204426	0.0021121794742049163	0.002027380021763454	0.001867638229456955	0.0009263381501097935	0.009692492158116633	0.006494959378159336	0.0017883507775358206	0.0026798147859322056	0.0029650617932262036	0.0022175375239075336	0.004168903483611677	0.0018408956683995642	0.002468744352908155	0.0039005309553642705	0.007704711860094965	0.007314354332464407	0.007782184695866429	0.008116863322824913	0.0077140650985749026	0.0078216484732936	0.007798887903037654	0.007693662918454599	0.00803538093131408	0.008270388300214131	0.00811243467006985	0.00756452671234433	0.007858526827527527	0.007829686622277274	0.008491993338798881	0.007765061590841557	0.007815602820826838	0.008216080229635218	0.008902883770529288	0.008174094953611745	0.008213062374426598	0.008689721872822492	0.00771479008474851	0.007678175665635636	0.007621058150712868	0.00691324436814856	0.008244368793249052	0.007985175714843556	0.007307437523698841	0.007548204630731501	0.007602527022967758	0.007856278396384328	0.008266582266044799	0.008087697406619476	0.0085811471021272	0.00794165645095095	0.008022111458391426	0.008223167165884606	0.007670250171922027	0.008059881723658242	0.008204203503265657	0.008088400075104255	0.00775411550124386	0.007682072574534082	0.008296471788108077	0.007822096919846408	0.00814481264357426	0.008840681887721916	0.007775027411644083	0.008433425787181701	0.007772587086911055	0.00787603311516085	0.007898918570841986	0.008362162327374315	0.008280341423002564	0.008009175758115192	0.006318591527105172	0.015471087213538778	0.012673527654107742	0.01982322607588582	0.014295322631953891	0.00865466127124186	0.008661865774522496	0.008047762006109191	0.009571997635784237	0.008589851983540245	0.008716319064567648	0.023202022917090198	0.011029193083059049	0.008020502406616009	0.018837295587070806	0.014440463286936937	0.007171490363969781	0.012010440283299992	0.009458870988149737	0.007974544054155024	0.006968318230285477	0.014311490498673954	0.008175541527401325	0.008296927476403924	0.006322036809283983	0.008207019289180726	0.008699556665800978	0.008461197074382695	0.008101710877085642	0.02392124237595798	0.02022108326100838
CH_Ofav_03_2018	106220	0.0008541603561276395	0.0018859565017383592	0.001392125151620069	0.0013861608246515929	0.0017572989248769175	0.0018021181645033373	0.0009874562277585996	0.001705944772408124	0.0017775154101056304	0.0015827871661176498	0.0012108113453255765	0.001138954315407893	0.0018001418907446917	0.0	0.0013688662247562037	0.0013622981233079698	0.0019430545572277566	0.001550713158270421	0.0011264813899646664	0.0013807724602008036	0.002095827525313837	0.0022422472820398578	0.0008504493253838144	0.0018917634741809383	0.00946791287102949	0.006298199094863837	0.0012764939249087582	0.002577973316334384	0.0032699626925995345	0.002096405788598602	0.004252371098734425	0.0022480194151864633	0.002683801637176372	0.004066729394313338	0.007869518058857935	0.007479160531227377	0.0079469908946294	0.008451964165812106	0.007878871297337872	0.00798645467205657	0.007963694101800626	0.007858469117217569	0.008200360727053421	0.008605489143201325	0.00827724086883282	0.0077293329111073	0.008023333026290498	0.007994492821040245	0.008656799537561852	0.007929867789604528	0.00798040901958981	0.008380886428398186	0.009237984613516482	0.008338901152374716	0.008548163217413793	0.008854701668561834	0.00787959628351148	0.007842981864398605	0.007785864349475838	0.0072231442278864084	0.008409174992012023	0.008149981913606528	0.007472243722461811	0.007713010829494472	0.007767333221730729	0.008021084595147299	0.008431388464807768	0.008422798249606669	0.008746126897866541	0.008106462649713922	0.00835721230137862	0.008387973364647578	0.007835056370684997	0.008224687922421212	0.00853930434625285	0.008253206273867223	0.007918921700006831	0.007846878773297053	0.008631572631095272	0.008157197762833602	0.008479913486561453	0.00917578273070911	0.007939833610407053	0.008768700227145269	0.007937393285674025	0.00804083931392382	0.008063724769604956	0.008526968526137282	0.008445147621765535	0.008173981956878164	0.006483397725868143	0.015635893412301746	0.012449151699246363	0.01998803950001593	0.014070946677092511	0.00881946747000483	0.008827847742909015	0.00821256820487216	0.009907098478771432	0.008924952826527438	0.008881125263330618	0.023366829115853166	0.011364293926046244	0.008185308605378978	0.019002109011200915	0.014216087332075557	0.007336296562732751	0.012175246482062963	0.009623677186912708	0.008139350252917996	0.007133124429048446	0.014087114543812574	0.008340331940717049	0.008461733675166894	0.006486849357969162	0.008371825487943695	0.008865374480663268	0.008626176870122036	0.008266517075848611	0.024086055800088088	0.020385896685138488
ET_Ofra_40_2019	106224	0.0009208249297843608	0.0016056508666247575	0.0016271999226775808	0.0016312696557025416	0.0019617473971566346	0.0016771103621483778	0.0006659197779454259	0.001752435172871798	0.001900067641351351	0.0017341035605305305	0.001320166487060828	0.00034541392555459535	0.0019678092018918917	0.0013688662247562037	0.0	0.001305294708071971	0.0018595283707454752	0.0016903493976590561	0.0012578953231424726	0.0013308160615932113	0.0020362533998062628	0.001764887992750975	0.0009278638814859393	0.0022764087712479567	0.009314890392077984	0.006187691217020596	0.0011668571940256453	0.0022334074004120327	0.003438187333483808	0.0020191576890907087	0.0039704662738726006	0.0017845859586945888	0.0022060275060736367	0.003761078782362044	0.007565122436961833	0.007174764909331274	0.0076425952727332954	0.008147568543916003	0.00757447567544177	0.007682059050160467	0.007659298479904521	0.007554073495321467	0.007895791508180948	0.008301093521305222	0.007972845246936717	0.007424937289211197	0.0077189374043943925	0.007690097199144142	0.00835240391566575	0.007625472167708425	0.007676013397693706	0.008076490806502084	0.00893358899162038	0.008034505530478613	0.00824376759551769	0.008550132449689357	0.007575200661615377	0.007538586242502502	0.007481468727579735	0.006918748605990305	0.00810477937011592	0.007845586291710425	0.007167848100565708	0.007408615207598368	0.007462937599834625	0.007716688973251195	0.008126992842911665	0.008118402627710568	0.008441557678994065	0.007802067027817817	0.008052816679482518	0.008083577742751473	0.007530660748788894	0.007920292300525109	0.008234908724356749	0.007948810651971122	0.007614526078110727	0.007542483151400948	0.008327177009199167	0.0078528021409375	0.00817551786466535	0.008871387108813009	0.0076354379885109494	0.008464131008272792	0.007632997663777922	0.007736443692027716	0.007759329147708854	0.00822257290424118	0.00814075199986943	0.00786958633498206	0.006179002103972039	0.015331497790405645	0.012533938230974607	0.0196836490651651	0.014155733208820756	0.008515071848108726	0.008522276351389364	0.007908172582976058	0.009602702856875329	0.008620557204631337	0.008576729641434517	0.023062433493957063	0.011059898304150141	0.007880912983482877	0.018697718576350088	0.014300873863803803	0.007031900940836647	0.011870850860166858	0.009319281565016605	0.007834954631021893	0.006828728807152343	0.01417190107554082	0.00803579721005038	0.008157338053270792	0.00618241735612082	0.008067429866047592	0.008559967242667846	0.008321607651249561	0.007962121453952508	0.023781665365237258	0.020081506250287658
