121
CH_Ssid_46_2017	106105	0	0.98709726099751	0.9569335503921859	0.48477200787064767	0.09665711556829046	1.0	0.3231441048034935	0.9621318373071528	0.32627118644067793	0.9280742459396751	0.9823713044010528	0.9707668729068513	0.45692665890570444	0.04468878341793455	0.40773873218336676	0.6411103785227639	0.04847929754627646	0.5827067669172932	0.8328899151649014	0.7560975609756098	0.9745021718282846	0.8267515923566878	0.9759771986970686	0.451078869047619	0.9870616775711242	0.531462371004279	0.9774474338684151	0.05066023280514163	0.9945200738347947	0.028253901242906984	0.8243561842582516	0.9851099982114112	0.8843280449928651	1.0	0.8670284938941655	0.48622230497114133	0.9307554250285528	0.9708659727438566	0.045153335065858995	0.4129020856755958	0.025885220864537775	0.975485188968335	0.9828852651682091	0.9838579499596448	0.42152239811384307	0.4453750687778932	0.2390686716097291	0.031105868880109494	0.04740849693991362	0.1165523641103263	0.9933012104830179	0.036327642537153745	0.04292379854846834	0.1023391812865498	0.03276493746808546	0.9882518796992481	0.8280811232449301	0.030702281276557546	0.04740145915638835	0.926470588235294	0.5457279254219448	0.87001777100787	0.8649133293484756	0.5208600770218229	0.9727579556412729	0.488781079442086	0.09847815220050067	0.8411154643927171	0.5230024213075061	0.97518526835841	0.8233199090435878	0.987009930813762	0.6548042704626335	0.4166666666666665	0.43267776096823	0.9721970040853383	0.05204578098083199	0.9699664277288812	0.24803149606299216	0.44362745098039225	0.9702632987784106	0.887304102835006	0.4694853215806379	0.7501908188856177	0.033626860101838116	0.9475963884821864	0.05300852386034496	0.49650892164468585	0.7493540051679584	0.8227544910179638	0.48337920813042556	1.0	0.024572439251306546	0.7610441767068273	0.9933410167755153	0.09163911195087392	0.9847431240269848	0.027071759015670067	0.20476190476190484	0.46242721562514333	0.9637995512341062	0.48503359804520463	0.4491127880889252	0.03572808498466719	0.043179512501689325	0.48997406865388077	0.042571926447500866	0.030125060836210395	0.04403107555968984	0.032200252199922196	0.9761101742551996	0.46957938104819397	0.9536704430321452	0.9887099146807885	0.04691383070446815	0.3810576889987184	0.2395494590713824	0.9721807875894989	0.04824074860655778	0.9807192374350087	0.4171656686626747
CH_Ofra_81_2017	106107	0.98709726099751	0	0.18173270780486764	0.9870972609975098	0.9870972609975103	0.2835136706853326	0.9652631998621387	0.3179645583434018	0.6862498033703912	0.34208566006943575	0.29380139537321287	0.27652411820841394	0.9870972609975098	0.98709726099751	0.98709726099751	0.446264409735322	0.98709726099751	0.7201799677644272	0.9870972609975098	0.98709726099751	0.3609580392366632	0.9743584074943253	0.2705028251239778	0.9870972609975103	0.33445279587800697	0.9870972609975098	0.16001023081315657	0.9784111296106487	0.9945200738347947	0.9870972609975103	0.98709726099751	0.08250300418274441	0.98709726099751	1.0	0.9870972609975098	0.98709726099751	0.9870972609975098	0.29806406082968157	0.98709726099751	0.98709726099751	0.9870972609975103	0.337512788224817	0.1339725881046793	0.3499267788790661	0.9870972609975098	0.9870972609975098	0.98709726099751	0.98709726099751	0.98709726099751	0.98709726099751	0.9933012104830181	0.98709726099751	0.98709726099751	0.98709726099751	0.98709726099751	0.9882518796992483	0.9870972609975098	0.98709726099751	0.98709726099751	0.98709726099751	0.98709726099751	0.98709726099751	0.9870972609975098	0.953079289238845	0.16516709413366934	0.8736951991418399	0.9870972609975103	0.9870972609975098	0.9870972609975098	0.26223215793638593	0.9870972609975098	0.26528716180493195	0.38502905271162663	0.98709726099751	0.9528057834382562	0.030892918873891104	0.9870972609975098	0.17899374901552476	0.98709726099751	0.9795400714550264	0.1717328140181548	0.9870972609975098	0.98709726099751	0.9870972609975103	0.98709726099751	0.9870972609975098	0.98709726099751	0.98709726099751	0.9405856330905333	0.98709726099751	0.9870972609975098	1.0	0.98709726099751	0.9710330039693976	0.2838574752491908	0.98709726099751	0.03928119436470325	0.9870972609975098	0.8728115467117956	0.9870972609975098	0.18891731432817657	0.98709726099751	0.9870972609975098	0.9870972609975103	0.98709726099751	0.98709726099751	0.98709726099751	0.98709726099751	0.98709726099751	0.98709726099751	0.2892867311628205	0.98709726099751	0.314668980913958	0.37062997576728124	0.98709726099751	0.9870972609975098	0.9870972609975098	0.34263400554870543	0.9870972609975098	0.11075495022153187	0.9870972609975098
CH_Ofav_03_2017	106110	0.9569335503921859	0.18173270780486764	0	0.9569335503921859	0.9569335503921859	0.3022051206156578	0.9350994892568147	0.2775139911699972	0.6365014644783522	0.29872455604745946	0.27571515833746496	0.2312715886993541	0.9569335503921859	0.9569335503921859	0.9569335503921859	0.37464489500600195	0.9569335503921859	0.6900162571591033	0.9569335503921859	0.9569335503921861	0.2851402921785671	0.9441946968890012	0.24829080013054386	0.9569335503921859	0.27491336759474	0.9569335503921859	0.09748531131408172	0.9482474190053246	0.9945200738347947	0.9569335503921859	0.9569335503921859	0.18671520438392455	0.9569335503921859	1.0	0.9569335503921859	0.9569335503921859	0.9569335503921859	0.24257470730767544	0.9569335503921859	0.9569335503921859	0.9569335503921859	0.27281990347009893	0.14040613503684396	0.29032817490079643	0.9569335503921859	0.9569335503921859	0.9569335503921859	0.9569335503921859	0.9569335503921859	0.9569335503921859	0.9933012104830179	0.9569335503921859	0.9569335503921859	0.9569335503921859	0.9569335503921859	0.9882518796992481	0.9569335503921861	0.9569335503921859	0.9569335503921859	0.9569335503921859	0.9569335503921859	0.9569335503921859	0.9569335503921859	0.9229155786335208	0.12089799418458481	0.8320093539094693	0.9569335503921859	0.9569335503921859	0.9569335503921859	0.23998225127448072	0.9569335503921859	0.2738717088398777	0.31965830961995223	0.9569335503921859	0.9226420728329322	0.1753307873502421	0.9569335503921859	0.10391428249568407	0.9569335503921856	0.9493763608497022	0.11882795969770939	0.9569335503921859	0.9569335503921859	0.9569335503921859	0.9569335503921859	0.9569335503921859	0.9569335503921859	0.9569335503921859	0.9104219224852091	0.9569335503921859	0.9569335503921859	1.0	0.9569335503921859	0.9408692933640735	0.2737189226586742	0.9569335503921859	0.1899578152463799	0.9569335503921859	0.8426478361064715	0.9569335503921859	0.027503763791205064	0.9569335503921859	0.9569335503921859	0.9569335503921859	0.9569335503921859	0.9569335503921859	0.9569335503921859	0.9569335503921859	0.9569335503921859	0.9569335503921859	0.2506770729513194	0.9569335503921859	0.2690201268255863	0.3156082337199439	0.9569335503921859	0.9569335503921859	0.9569335503921859	0.2827310210666943	0.9569335503921859	0.12033243955152911	0.9569335503921859
CH_Mcav_06_2017	106113	0.48477200787064767	0.9870972609975098	0.9569335503921859	0	0.478869022157584	1.0	0.27619031964139024	0.9621318373071531	0.4847720078706478	0.9280742459396751	0.9823713044010528	0.9707668729068515	0.05961960627972012	0.48477200787064767	0.17907054025944638	0.6533333333333332	0.4847720078706477	0.3117081350823376	0.7166617489756107	0.7247386759581882	0.9745021718282846	0.794904458598726	0.9759771986970686	0.08367820885733027	0.9870616775711242	0.1077366435950149	0.9774474338684151	0.4847720078706478	0.9945200738347947	0.4847720078706478	0.7047749771593773	0.9851099982114112	0.7917401158398388	1.0	0.7659237430313185	0.0314180453039925	0.9052700277369881	0.9708659727438566	0.4847720078706477	0.4847720078706478	0.48477200787064756	0.9754851889683348	0.9828852651682093	0.9838579499596449	0.17237071404945528	0.09043773407437793	0.48477200787064756	0.48477200787064756	0.48477200787064756	0.47979553791878937	0.9933012104830177	0.4847720078706478	0.48477200787064756	0.48477200787064767	0.4847720078706478	0.9882518796992481	0.7079305650111198	0.4847720078706477	0.48477200787064784	0.9023109243697479	0.08919115791553063	0.76895242707079	0.797768479776848	0.15333845794478226	0.972757955641273	0.1643420254699818	0.43680152816585077	0.8411154643927172	0.30321167966875734	0.97518526835841	0.700472040057152	0.9870099308137619	0.6725978647686831	0.17491366151712595	0.14560212745111611	0.9721970040853379	0.48477200787064767	0.9699664277288812	0.27719176047471794	0.07944239235032996	0.9702632987784102	0.7881669307976755	0.11317295647871288	0.6059865502198281	0.48477200787064767	0.9262445095168373	0.4847720078706477	0.0951183706562123	0.7028423772609819	0.6978734122139844	0.03774703904429868	1.0	0.48477200787064756	0.6539618994413792	0.9933410167755156	0.4789618992263396	0.9847431240269848	0.48477200787064767	0.41810534120398113	0.15060615371686092	0.9637995512341062	0.06650718663543087	0.07586416797270941	0.4847720078706477	0.4847720078706478	0.1748198095655451	0.48477200787064767	0.48477200787064756	0.48477200787064767	0.4847720078706477	0.9761101742551995	0.05071962067472646	0.9536704430321452	0.9887099146807886	0.48477200787064756	0.48477200787064756	0.4847720078706478	0.9721807875894989	0.48477200787064767	0.9807192374350087	0.18643861609098905
CH_Ssid_07_2017	106114	0.09665711556829046	0.9870972609975103	0.9569335503921859	0.478869022157584	0	1.0	0.3231441048034934	0.9621318373071528	0.32627118644067793	0.9280742459396751	0.9823713044010528	0.9707668729068513	0.44945673263484676	0.09665711556829049	0.4077387321833669	0.6533333333333332	0.0966571155682904	0.5827067669172932	0.8328899151649012	0.7560975609756097	0.9745021718282846	0.8267515923566878	0.9759771986970683	0.4430803571428573	0.9870616775711242	0.5263025421595772	0.9774474338684151	0.09665711556829042	0.9945200738347947	0.09665711556829046	0.824356184258252	0.9851099982114112	0.8843280449928649	1.0	0.8670284938941655	0.4798454663935953	0.9307554250285528	0.9708659727438566	0.11569767441860465	0.4341020653885339	0.09665711556829043	0.975485188968335	0.9828852651682093	0.9838579499596446	0.42152239811384307	0.4453750687778932	0.28397200471207806	0.1049414161996943	0.09665711556829039	0.14864499377941248	0.9933012104830181	0.09665711556829047	0.10142679900744413	0.12280701754385961	0.0966571155682904	0.9882518796992481	0.8280811232449299	0.09665711556829039	0.09665711556829043	0.926470588235294	0.5370364258994997	0.8700177710078698	0.8649133293484758	0.520860077021823	0.9727579556412729	0.48878107944208604	0.11070110701107017	0.8339709610509334	0.523002421307506	0.97518526835841	0.8233199090435878	0.987009930813762	0.6725978647686832	0.4166666666666665	0.42398626144578483	0.9721970040853383	0.10314812684535443	0.9699664277288812	0.248031496062992	0.43493595145794717	0.9702632987784106	0.887304102835006	0.469485321580638	0.7501908188856177	0.0966571155682904	0.9475963884821864	0.09665711556829037	0.48781742212224083	0.7493540051679585	0.822754491017964	0.47646270026113335	1.0	0.09665711556829042	0.7610441767068273	0.9933410167755153	0.010831315511534248	0.9847431240269848	0.0966571155682904	0.20476190476190473	0.46242721562514333	0.9637995512341062	0.4767257177764203	0.4447277177238425	0.09665711556829043	0.09665711556829046	0.4899740686538808	0.09665711556829042	0.09665711556829042	0.0966571155682904	0.09665711556829042	0.9761101742551995	0.4639264156366774	0.9536704430321453	0.9887099146807885	0.09665711556829036	0.4075582822085889	0.26955620790882406	0.9721807875894989	0.09665711556829043	0.9807192374350087	0.41716566866267457
CH_Oann_80_2017	106116	1.0	0.2835136706853326	0.3022051206156578	1.0	1.0	0	0.9781659388646291	0.22117256654080097	0.673728813559322	0.3387470997679814	0.17279478444574334	0.24231597823022735	1.0	1.0	1.0	0.46222222222222215	1.0	0.7330827067669174	1.0	1.0	0.2417991513751873	0.9872611464968155	0.26810093211148	1.0	0.18881553424912875	1.0	0.26358953207372454	0.9913138686131387	1.0	1.0	1.0	0.28718218062999024	1.0	1.0	1.0	1.0	1.0	0.24916836570447468	1.0	1.0	1.0	0.23420399824894203	0.2543705009548993	0.17453640440803414	1.0	1.0	1.0	1.0	1.0	1.0	1.0	1.0	1.0	1.0	1.0	1.0	1.0	1.0	1.0	1.0	1.0	1.0	1.0	0.9659820282413352	0.25937054963970035	0.9163129169193449	1.0	1.0	1.0	0.2616213788457219	1.0	0.03864531644624508	0.4661921708185054	1.0	0.9657085224407463	0.2964811780378761	1.0	0.2793757372289265	1.0	0.9924428104575164	0.26186815151106435	1.0	1.0	1.0	1.0	1.0	1.0	1.0	0.9534883720930233	1.0	1.0	1.0	1.0	0.9839357429718879	0.08153998472887677	1.0	0.30588011768261686	1.0	0.8857142857142855	1.0	0.29798055347793573	1.0	1.0	1.0	1.0	1.0	1.0	1.0	1.0	1.0	0.2611017425519955	1.0	0.2133796870043149	0.19900913424525307	1.0	1.0	1.0	0.24052804295942723	1.0	0.2521663778162912	1.0
CH_Dlab_13_2017	106117	0.3231441048034935	0.9652631998621387	0.9350994892568147	0.27619031964139024	0.3231441048034934	0.9781659388646291	0	0.9402977761717819	0.30443712530530675	0.8969594423449072	0.9605372432656817	0.9489328117714801	0.2407942362145482	0.3231441048034935	0.17163405653734942	0.6137214944201843	0.3231441048034934	0.48264766720294194	0.7004262908357005	0.710801393728223	0.9526681106929132	0.8012738853503185	0.9541431375616974	0.21948673710750682	0.9652276164357528	0.34472921477615825	0.9556133727330438	0.3231441048034935	0.9945200738347947	0.32314410480349354	0.6911082231334926	0.9632759370760401	0.7755283300288078	1.0	0.7520507257846761	0.266876172295174	0.9052700277369881	0.9490319116084854	0.3231441048034934	0.43410206538853396	0.3231441048034935	0.9536511278329637	0.9610512040328382	0.9620238888242738	0.18539316753468518	0.21494663422815125	0.28820960698689957	0.3231441048034934	0.3231441048034935	0.28323313703504155	0.9933012104830179	0.3231441048034934	0.3231441048034934	0.32314410480349337	0.3231441048034935	0.9882518796992481	0.6842733447329161	0.3231441048034934	0.3231441048034935	0.8970588235294117	0.3304481698964575	0.7558250215347366	0.7831735040035637	0.28053545302173316	0.9509238945059016	0.32637220917268905	0.2862437357998034	0.8061809665761234	0.3228163295515823	0.9533512072230389	0.6766486866603765	0.9651758696783905	0.6507638036333121	0.2109859802344289	0.2192478865113289	0.9503629429499669	0.3231441048034934	0.9481323665935101	0.20331465117078706	0.2354742843279961	0.9484292376430392	0.7731476034820696	0.23490396568658312	0.5924884734917687	0.32314410480349337	0.9262445095168376	0.32314410480349337	0.3091516730412866	0.6869774212111979	0.6859082417406818	0.25831501885689934	1.0	0.3231441048034934	0.6464898896897634	0.9715069556401442	0.3231441048034935	0.9629090628916139	0.32314410480349337	0.25171553337492203	0.24607450389100974	0.9419654900987349	0.2616133997380446	0.22732628717646358	0.32314410480349354	0.3231441048034935	0.2515794644009337	0.32314410480349337	0.3231441048034934	0.3231441048034934	0.3231441048034934	0.9542761131198284	0.24211394380004295	0.9318363818967739	0.9668758535454174	0.3231441048034935	0.40755828220858886	0.3231441048034934	0.9503467264541275	0.3231441048034935	0.9588851762996375	0.1823007419064214
WP_Oann_24_2017	106120	0.9621318373071528	0.3179645583434018	0.2775139911699972	0.9621318373071531	0.9621318373071528	0.22117256654080097	0.9402977761717819	0	0.6358606508664749	0.39332645629883206	0.13695239666694164	0.32347112126570976	0.962131837307153	0.9621318373071528	0.962131837307153	0.406962755181549	0.9621318373071528	0.69521454407407	0.962131837307153	0.962131837307153	0.33570419873615354	0.949392983803968	0.21499713327637957	0.9621318373071528	0.2955829498463698	0.962131837307153	0.23471208609591754	0.9534457059202914	0.9945200738347947	0.9621318373071528	0.9621318373071528	0.3222749419712054	0.9621318373071528	1.0	0.9621318373071528	0.9621318373071528	0.9621318373071528	0.1841539860277311	0.9621318373071528	0.962131837307153	0.9621318373071528	0.3383425815088201	0.2677064757403637	0.27958347624594326	0.9621318373071528	0.9621318373071528	0.962131837307153	0.9621318373071528	0.9621318373071528	0.9621318373071528	0.9933012104830179	0.9621318373071528	0.9621318373071528	0.9621318373071528	0.9621318373071528	0.9882518796992483	0.9621318373071528	0.9621318373071528	0.9621318373071528	0.9621318373071528	0.9621318373071528	0.9621318373071528	0.9621318373071528	0.9281138655484882	0.20579572642521243	0.8614647663550608	0.9621318373071528	0.9621318373071528	0.962131837307153	0.22101076570658978	0.9621318373071528	0.21869177669897594	0.36111063972089263	0.962131837307153	0.9278403597478991	0.31454449147821495	0.9621318373071528	0.22050961488414383	0.9621318373071528	0.9545746477646695	0.21231521259608613	0.9621318373071528	0.9621318373071528	0.9621318373071528	0.9621318373071528	0.962131837307153	0.9621318373071528	0.9621318373071528	0.9156202094001761	0.9621318373071528	0.9621318373071528	1.0	0.9621318373071528	0.9460675802790404	0.2074856267725753	0.9621318373071528	0.3384081382814962	0.9621318373071528	0.8478461230214386	0.9621318373071528	0.2658973587011595	0.9621318373071528	0.9621318373071528	0.9621318373071528	0.9621318373071528	0.9621318373071528	0.9621318373071528	0.9621318373071528	0.9621318373071528	0.9621318373071528	0.21010860583338936	0.962131837307153	0.038673894118375025	0.28831395629520606	0.9621318373071528	0.962131837307153	0.9621318373071528	0.3503818448386092	0.9621318373071528	0.25203514940410937	0.9621318373071528
CH_Pfur_14_2017	106121	0.32627118644067793	0.6862498033703912	0.6365014644783522	0.4847720078706478	0.32627118644067793	0.673728813559322	0.30443712530530675	0.6358606508664749	0	0.6018030594989973	0.6561001179603749	0.6444956864661736	0.45692665890570433	0.326271186440678	0.4077387321833668	0.33026365348399245	0.3262711864406779	0.31668153434433544	0.8328899151649014	0.7560975609756102	0.6594682725670791	0.8140127388535031	0.6497060122563905	0.45107886904761907	0.6607904911304461	0.531462371004279	0.6622432048191847	0.3175850550538166	0.9945200738347947	0.32627118644067804	0.8243561842582517	0.6728155722423145	0.8843280449928649	1.0	0.8670284938941656	0.4862223049711412	0.9307554250285528	0.6445947863031789	0.326271186440678	0.43410206538853374	0.326271186440678	0.6553525982682334	0.6699179309434704	0.6575867635189669	0.42152239811384307	0.4453750687778933	0.32627118644067793	0.3262711864406779	0.32627118644067804	0.32627118644067804	0.9933012104830181	0.32627118644067793	0.32627118644067793	0.32627118644067793	0.32627118644067793	0.9882518796992481	0.8280811232449298	0.326271186440678	0.32627118644067793	0.926470588235294	0.5457279254219449	0.87001777100787	0.864913329348476	0.48684210526315785	0.655838495442634	0.4050939963614312	0.32627118644067793	0.8411154643927173	0.5230024213075062	0.6489140819177319	0.8233199090435878	0.660738744373084	0.3717504071415645	0.41666666666666663	0.3983862834089764	0.6713495464582195	0.32627118644067793	0.654419759503813	0.3262711864406779	0.43607026143790856	0.654863838425833	0.8873041028350059	0.469485321580638	0.7501908188856174	0.326271186440678	0.9475963884821864	0.3262711864406779	0.49650892164468585	0.7028423772609819	0.822754491017964	0.4833792081304257	1.0	0.32627118644067804	0.744979919678715	0.6670698303348375	0.32627118644067793	0.6759039694616205	0.3262711864406779	0.2119854721549637	0.4624272156251433	0.6417105079674962	0.4850335980452047	0.44911278808892513	0.326271186440678	0.32627118644067793	0.48997406865388077	0.32627118644067793	0.3262711864406779	0.32627118644067793	0.32627118644067804	0.6498389878145217	0.469579381048194	0.6273992565914671	0.6624387282401105	0.32627118644067793	0.4075582822085888	0.3262711864406779	0.6670745520003236	0.32627118644067793	0.6650320917662956	0.4171656686626747
WP_Pstr_16_2017	106123	0.9280742459396751	0.34208566006943575	0.29872455604745946	0.9280742459396751	0.9280742459396751	0.3387470997679814	0.8969594423449072	0.39332645629883206	0.6018030594989973	0	0.3835628831086311	0.3764719455356281	0.9280742459396754	0.9280742459396751	0.9280742459396751	0.41709718999742207	0.9280742459396751	0.6611569527065926	0.9187935034802786	0.877030162412993	0.43555801268975464	0.9153353924364904	0.38740455371065946	0.9280742459396754	0.3663737339228262	0.9280742459396751	0.3404947141419064	0.9193881145528139	0.9527567327675092	0.9280742459396751	0.9187935034802786	0.3378573702100783	0.9187935034802783	0.9582366589327146	0.9187935034802783	0.9280742459396751	0.9307554250285528	0.39048196073735053	0.9280742459396751	0.9280742459396751	0.9280742459396751	0.41286370763155883	0.33886384188243507	0.36001219080577296	0.9280742459396751	0.9280742459396751	0.9221148529662154	0.9280742459396751	0.9280742459396751	0.9280742459396751	0.984839581619462	0.9280742459396751	0.9280742459396751	0.9280742459396751	0.9280742459396751	0.9464885386319627	0.9187935034802786	0.9280742459396751	0.9280742459396751	0.9228221450993391	0.9280742459396751	0.9187935034802786	0.9187935034802783	0.8847755317216135	0.3298634961192266	0.8383228814763639	0.9187935034802786	0.9154907013441465	0.9147579909701897	0.3709960124903413	0.9187935034802783	0.32575703058174343	0.42957287116777176	0.9280742459396751	0.8845020259210247	0.327185403157264	0.9280742459396751	0.3569911144111926	0.9187935034802783	0.9205170563971913	0.33741869836762683	0.9187935034802783	0.9280742459396751	0.9187935034802783	0.9280742459396751	0.9475963884821865	0.9280742459396751	0.9280742459396751	0.8554860099402267	0.9187935034802783	0.9280742459396751	0.8125742615850666	0.9280742459396751	0.9027292464521659	0.33929022940096193	0.9280742459396751	0.34148966271219705	0.9280742459396751	0.8045077891945641	0.9280742459396751	0.3137942583649026	0.9280742459396751	0.9280742459396751	0.9280742459396751	0.9280742459396751	0.9280742459396751	0.9280742459396751	0.9280742459396751	0.9280742459396751	0.9280742459396751	0.37476261089725216	0.9280742459396751	0.3789820289795607	0.3976920330737375	0.9280742459396751	0.9280742459396751	0.9280742459396751	0.4245856613636489	0.9280742459396751	0.3209242441301717	0.9280742459396751
WP_Ofra_17_2017	106124	0.9823713044010528	0.29380139537321287	0.27571515833746496	0.9823713044010528	0.9823713044010528	0.17279478444574334	0.9605372432656817	0.13695239666694164	0.6561001179603749	0.3835628831086311	0	0.2758735188511125	0.9823713044010528	0.9823713044010528	0.9823713044010528	0.43192290166153174	0.9823713044010528	0.7154540111679701	0.9823713044010528	0.9823713044010528	0.289208584384331	0.9696324508978682	0.21073469214549123	0.9823713044010528	0.1990678929977437	0.9823713044010528	0.21927248098290808	0.9736851730141916	0.9945200738347947	0.9823713044010528	0.9823713044010528	0.2888764726037779	0.9823713044010528	1.0	0.9823713044010528	0.9823713044010528	0.9823713044010528	0.14134220333721997	0.9823713044010528	0.9823713044010528	0.9823713044010528	0.2992839709003405	0.236474791787012	0.18151557171308536	0.9823713044010528	0.9823713044010528	0.9823713044010528	0.9823713044010528	0.9823713044010528	0.9823713044010528	0.9933012104830181	0.9823713044010528	0.9823713044010528	0.9823713044010528	0.9823713044010528	0.9882518796992481	0.9823713044010527	0.9823713044010528	0.9823713044010528	0.9823713044010528	0.9823713044010528	0.9823713044010528	0.9823713044010528	0.948353332642388	0.1931831295149199	0.8754380196997645	0.9823713044010528	0.9823713044010528	0.9823713044010528	0.21550855417118953	0.9823713044010528	0.16557556761921036	0.40081909130574284	0.9823713044010528	0.9480798268417991	0.3090392465926549	0.9823713044010528	0.22030580414580994	0.982371304401053	0.9748141148585692	0.214984827989321	0.9823713044010528	0.9823713044010528	0.9823713044010528	0.9823713044010528	0.9823713044010528	0.9823713044010528	0.9823713044010528	0.9358596764940762	0.9823713044010528	0.9823713044010528	1.0	0.9823713044010528	0.9663070473729404	0.13235874753605964	0.9823713044010528	0.3173748091690588	0.9823713044010528	0.8680855901153387	0.9823713044010528	0.26996414661663665	0.9823713044010528	0.9823713044010528	0.9823713044010528	0.9823713044010528	0.9823713044010528	0.9823713044010528	0.9823713044010528	0.9823713044010528	0.9823713044010528	0.21331612875306663	0.9823713044010528	0.1209914366461507	0.1889742725406871	0.9823713044010528	0.9823713044010528	0.9823713044010528	0.317781294250879	0.9823713044010528	0.23844082883172665	0.9823713044010528
WP_Ofav_18_2017	106125	0.9707668729068513	0.27652411820841394	0.2312715886993541	0.9707668729068515	0.9707668729068513	0.24231597823022735	0.9489328117714801	0.32347112126570976	0.6444956864661736	0.3764719455356281	0.2758735188511125	0	0.9707668729068515	0.9707668729068512	0.9707668729068513	0.4410613485711405	0.9707668729068513	0.7038495796737687	0.9707668729068513	0.9707668729068515	0.10829932007031814	0.9580280194036667	0.2544704877401942	0.9707668729068513	0.21484743220268798	0.9707668729068515	0.2726262442715118	0.9620807415199897	0.9945200738347947	0.9707668729068513	0.9707668729068513	0.2581798342841052	0.9707668729068513	1.0	0.9707668729068513	0.9707668729068513	0.9707668729068513	0.2544611052951195	0.9707668729068513	0.9707668729068512	0.9707668729068515	0.09156123582625564	0.24423490258447045	0.25399243604261296	0.9707668729068513	0.9707668729068513	0.9707668729068512	0.9707668729068513	0.9707668729068513	0.9707668729068515	0.9933012104830181	0.9707668729068513	0.9707668729068513	0.9707668729068513	0.9707668729068515	0.9882518796992481	0.9707668729068515	0.9707668729068513	0.9707668729068513	0.9707668729068513	0.9707668729068512	0.9707668729068513	0.9707668729068515	0.9367489011481867	0.27391827266724833	0.8644234665968661	0.9707668729068513	0.9707668729068515	0.9707668729068515	0.25028299775925605	0.9707668729068513	0.22279183481533363	0.4425359927132825	0.9707668729068513	0.9364753953475978	0.26951660915565834	0.9707668729068513	0.2574664218702191	0.9707668729068515	0.9632096833643676	0.2763000699666969	0.9707668729068515	0.9707668729068512	0.9707668729068513	0.9707668729068515	0.9707668729068515	0.9707668729068515	0.9707668729068515	0.9242552449998747	0.9707668729068515	0.9707668729068512	1.0	0.9707668729068513	0.9547026158787388	0.23881112634129054	0.9707668729068512	0.2814372433995222	0.9707668729068513	0.856481158621137	0.9707668729068512	0.23682772415591472	0.9707668729068513	0.9707668729068513	0.9707668729068513	0.9707668729068513	0.9707668729068513	0.9707668729068513	0.9707668729068513	0.9707668729068513	0.9707668729068513	0.25505180514096576	0.9707668729068513	0.3159377417112028	0.25136547052636776	0.9707668729068513	0.9707668729068513	0.9707668729068515	0.09154366331311299	0.9707668729068515	0.2242369264011473	0.9707668729068513
WP_Mcav_19_2017	106126	0.45692665890570444	0.9870972609975098	0.9569335503921859	0.05961960627972012	0.44945673263484676	1.0	0.2407942362145482	0.962131837307153	0.45692665890570433	0.9280742459396754	0.9823713044010528	0.9707668729068515	0	0.4569266589057045	0.13566814875037222	0.6533333333333334	0.4569266589057042	0.355984183392124	0.7120454447570816	0.7247386759581884	0.9745021718282846	0.7949044585987263	0.9759771986970683	0.04037562711347631	0.987061677571124	0.15395759023779154	0.9774474338684151	0.4569266589057045	0.9945200738347947	0.4569266589057046	0.7010388521038419	0.9851099982114112	0.7917401158398389	1.0	0.7644892421011825	0.04351769809365128	0.9052700277369881	0.9708659727438568	0.4569266589057045	0.45692665890570444	0.4569266589057045	0.975485188968335	0.9828852651682093	0.9838579499596449	0.13123203447655254	0.04709470530560252	0.4569266589057042	0.45692665890570433	0.45692665890570433	0.4519501889538465	0.9933012104830181	0.4569266589057045	0.45692665890570444	0.4569266589057042	0.4569266589057043	0.9882518796992481	0.6945397815912641	0.45692665890570444	0.4569266589057046	0.9023109243697479	0.13207316446479295	0.7669966996699673	0.7977684797768481	0.14167180992317255	0.9727579556412729	0.1741127370382163	0.40895617920090716	0.8411154643927173	0.30033667637256756	0.97518526835841	0.6846030124551425	0.9870099308137619	0.6725978647686834	0.13428507240160942	0.1035295207165446	0.9721970040853383	0.45692665890570433	0.9699664277288812	0.24826524158286956	0.03623898628135769	0.9702632987784106	0.7881669307976755	0.08226162831970354	0.5917685086702794	0.4569266589057045	0.9262445095168376	0.45692665890570444	0.10498954919285097	0.7028423772609819	0.6930139720558884	0.0482597155195667	1.0	0.45692665890570444	0.6457699248682742	0.9933410167755156	0.45111655026139624	0.984743124026985	0.45692665890570444	0.3902599922390377	0.11271186593714123	0.9637995512341062	0.045408361974697956	0.03205841956383005	0.4569266589057045	0.45692665890570416	0.16187619053255253	0.4569266589057045	0.45692665890570433	0.45692665890570416	0.45692665890570444	0.9761101742551996	0.03160270732438316	0.9536704430321452	0.9887099146807885	0.45692665890570416	0.45692665890570416	0.45692665890570416	0.9721807875894987	0.45692665890570433	0.9807192374350087	0.14270773195908953
WP_Ssid_21_2017	106128	0.04468878341793455	0.98709726099751	0.9569335503921859	0.48477200787064767	0.09665711556829049	1.0	0.3231441048034935	0.9621318373071528	0.326271186440678	0.9280742459396751	0.9823713044010528	0.9707668729068512	0.4569266589057045	0	0.4077387321833669	0.6533333333333334	0.056086617558852615	0.5827067669172933	0.8328899151649014	0.7560975609756099	0.9745021718282846	0.8267515923566879	0.9759771986970681	0.4510788690476192	0.9870616775711242	0.5314623710042788	0.9774474338684151	0.04957944455292424	0.9945200738347947	0.02543369697823757	0.8243561842582516	0.9851099982114112	0.884328044992865	1.0	0.8670284938941655	0.48622230497114133	0.9307554250285528	0.9708659727438564	0.0721380836254045	0.42995495697127106	0.03796199243494504	0.975485188968335	0.9828852651682093	0.9838579499596448	0.42152239811384307	0.4453750687778932	0.2373568704015207	0.05535769759044814	0.03169958283529159	0.13248944700005738	0.9933012104830181	0.049623765734969856	0.046061524846294284	0.10233918128654977	0.03546637489130608	0.9882518796992481	0.8280811232449301	0.026141338841030166	0.051021938362721495	0.926470588235294	0.5457279254219448	0.87001777100787	0.8649133293484758	0.5208600770218228	0.9727579556412729	0.488781079442086	0.11070110701107021	0.8411154643927171	0.5230024213075061	0.97518526835841	0.8233199090435879	0.987009930813762	0.6548042704626335	0.4166666666666665	0.4326777609682299	0.972197004085338	0.08408480231551059	0.9699664277288812	0.24803149606299216	0.4436274509803922	0.9702632987784106	0.8873041028350063	0.4694853215806379	0.7501908188856178	0.020549632744540407	0.9475963884821864	0.051091656801286	0.49650892164468585	0.7493540051679584	0.8227544910179642	0.48337920813042556	1.0	0.05985178755907277	0.7610441767068273	0.9933410167755151	0.0916391119508739	0.9847431240269848	0.028702733175685766	0.20476190476190487	0.46242721562514333	0.9637995512341062	0.48503359804520463	0.4491127880889252	0.025639328609264562	0.026052578577518415	0.48997406865388077	0.010488133684303649	0.03741097542428116	0.03964962586799065	0.033459665278399796	0.9761101742551995	0.46957938104819397	0.9536704430321452	0.9887099146807885	0.05388680134847332	0.4034111737913262	0.25660233036705765	0.9721807875894989	0.05545419587739823	0.9807192374350087	0.41716566866267485
WP_Mcav_25_2017	106129	0.40773873218336676	0.98709726099751	0.9569335503921859	0.17907054025944638	0.4077387321833669	1.0	0.17163405653734942	0.962131837307153	0.4077387321833668	0.9280742459396751	0.9823713044010528	0.9707668729068513	0.13566814875037222	0.4077387321833669	0	0.6533333333333333	0.40773873218336687	0.46513090713772415	0.7086328432569531	0.7247386759581883	0.9745021718282846	0.794904458598726	0.9759771986970686	0.11301444954934853	0.987061677571124	0.27712830449432146	0.9774474338684151	0.4077387321833669	0.9945200738347947	0.40773873218336687	0.6976262506037133	0.9851099982114114	0.7917401158398389	1.0	0.7644892421011823	0.1686975161104513	0.9052700277369883	0.9708659727438568	0.4077387321833667	0.4341020653885338	0.40773873218336676	0.975485188968335	0.9828852651682093	0.9838579499596449	0.06714801396161657	0.09339574929899454	0.4077387321833667	0.40773873218336676	0.40773873218336687	0.40276226223150874	0.9933012104830181	0.40773873218336687	0.40773873218336676	0.4077387321833669	0.40773873218336687	0.9882518796992481	0.6945397815912636	0.40773873218336687	0.4077387321833669	0.9023109243697478	0.235067152608988	0.7669966996699671	0.797768479776848	0.23517083478550305	0.972757955641273	0.28325946078381625	0.3881846796895396	0.841115464392717	0.3615381508885434	0.97518526835841	0.6840634503164298	0.987009930813762	0.6725978647686832	0.09438507131158803	0.1622119997895911	0.972197004085338	0.40773873218336687	0.9699664277288812	0.2966456146925905	0.1345417111828966	0.9702632987784106	0.7881669307976757	0.09216215842819349	0.591047868280449	0.40773873218336687	0.9262445095168373	0.4077387321833668	0.22070030633001794	0.7290562243066152	0.6930139720558882	0.15048738718809967	1.0	0.40773873218336676	0.644578313253012	0.9933410167755153	0.4077387321833669	0.9847431240269848	0.40773873218336687	0.3553257796719681	0.12336161178814803	0.9637995512341062	0.1296680284137909	0.11711691687984582	0.40773873218336687	0.4077387321833669	0.09575125237689372	0.40773873218336687	0.40773873218336676	0.4077387321833668	0.40773873218336676	0.9761101742551996	0.1433096882434176	0.9536704430321452	0.9887099146807885	0.4077387321833669	0.4077387321833668	0.40773873218336676	0.9721807875894989	0.40773873218336687	0.9807192374350087	0.023682666224830128
ET_Mcav_34_2017	106130	0.6411103785227639	0.446264409735322	0.37464489500600195	0.6533333333333332	0.6533333333333332	0.46222222222222215	0.6137214944201843	0.406962755181549	0.33026365348399245	0.41709718999742207	0.43192290166153174	0.4410613485711405	0.6533333333333334	0.6533333333333334	0.6533333333333333	0	0.6533333333333333	0.3864160401002506	0.8151121373871234	0.7421602787456447	0.4838419736372014	0.814012738853503	0.38869073470865	0.6533333333333332	0.44149150105777324	0.6533333333333332	0.4015228477403472	0.644647201946472	0.9945200738347947	0.6533333333333333	0.8065784064804739	0.42987181780242045	0.8665502672150871	1.0	0.8492507161163876	0.6533333333333334	0.9307554250285528	0.39520859415054077	0.6311111111111111	0.6311111111111111	0.6533333333333334	0.4836872740243527	0.4260555310709564	0.44608017218186713	0.6533333333333331	0.6533333333333332	0.6533333333333331	0.6346374596705723	0.6533333333333331	0.6533333333333332	0.9933012104830181	0.6533333333333333	0.6533333333333333	0.6533333333333333	0.6339458204742685	0.9882518796992481	0.8103033454671522	0.6533333333333333	0.6533333333333334	0.921218487394958	0.6533333333333333	0.8522399932300923	0.8471355515706981	0.6015375837968904	0.40557484195864146	0.5617626844552251	0.6133333333333331	0.8411154643927173	0.6355555555555557	0.3820784988896375	0.8055421312658099	0.44923215303598424	0.12754448398576515	0.6533333333333331	0.6084518406454866	0.4342593433197155	0.6311111111111111	0.39081793344020005	0.6355555555555555	0.6457761437908497	0.4046001849418407	0.8695263250572285	0.6533333333333333	0.7324130411078399	0.6533333333333332	0.9475963884821864	0.6533333333333333	0.6533333333333333	0.685064599483204	0.8049767132401863	0.6533333333333332	1.0	0.6450252678390942	0.7272021419009371	0.4555632389977376	0.6533333333333333	0.44235945338176774	0.6533333333333332	0.5212698412698413	0.6533333333333333	0.3794797639823818	0.6533333333333333	0.6533333333333333	0.6533333333333334	0.6533333333333333	0.6533333333333333	0.6533333333333333	0.6533333333333331	0.6533333333333331	0.6533333333333333	0.36280789100350647	0.6533333333333333	0.3987608608885205	0.4428047464940668	0.6533333333333331	0.6311111111111108	0.6311111111111112	0.49239823654203146	0.6533333333333333	0.40894617754669754	0.6533333333333332
WP_Ssid_26_2017	106133	0.04847929754627646	0.98709726099751	0.9569335503921859	0.4847720078706477	0.0966571155682904	1.0	0.3231441048034934	0.9621318373071528	0.3262711864406779	0.9280742459396751	0.9823713044010528	0.9707668729068513	0.4569266589057042	0.056086617558852615	0.40773873218336687	0.6533333333333333	0	0.5827067669172936	0.8328899151649013	0.75609756097561	0.9745021718282846	0.8267515923566876	0.9759771986970683	0.45107886904761907	0.987061677571124	0.5314623710042787	0.9774474338684151	0.023514472276001386	0.9945200738347947	0.05085275954288539	0.8243561842582516	0.9851099982114112	0.8843280449928649	1.0	0.8670284938941657	0.48622230497114116	0.9307554250285528	0.9708659727438566	0.07986049917201984	0.4234348495730479	0.04741222678283699	0.9754851889683348	0.9828852651682091	0.9838579499596449	0.42152239811384307	0.4453750687778932	0.2564859342594545	0.06769565629718152	0.0346025666324638	0.12024446316031853	0.9933012104830179	0.01805656441021439	0.06796104995074015	0.10233918128654974	0.04000775552661119	0.9882518796992481	0.8280811232449298	0.05507830303870369	0.03288458841677183	0.926470588235294	0.5457279254219447	0.87001777100787	0.8649133293484755	0.5208600770218229	0.972757955641273	0.48878107944208615	0.11070110701107017	0.8411154643927171	0.5230024213075061	0.97518526835841	0.8233199090435875	0.987009930813762	0.6548042704626335	0.41666666666666663	0.4326777609682299	0.972197004085338	0.07292494646067486	0.9699664277288812	0.24803149606299207	0.44362745098039214	0.9702632987784106	0.887304102835006	0.4694853215806379	0.7501908188856174	0.05139017842595158	0.9475963884821864	0.027231554205125314	0.49650892164468585	0.7493540051679585	0.822754491017964	0.48337920813042556	1.0	0.05879907746994582	0.7610441767068273	0.9933410167755153	0.09163911195087386	0.9847431240269848	0.046242107801690455	0.20476190476190478	0.46242721562514344	0.9637995512341062	0.4850335980452046	0.449112788088925	0.0458478802602097	0.04500345070328304	0.4899740686538808	0.05320684965107829	0.056035001989526476	0.025759815676059814	0.04342925072795506	0.9761101742551995	0.46957938104819386	0.9536704430321452	0.9887099146807885	0.007802443743426429	0.3968910663931029	0.2500822229688345	0.9721807875894989	0.008503854938259885	0.9807192374350087	0.4171656686626747
