CH_Pstr_10_2017	106106	0.0	0.0005619217230918949	0.0018287412168802564	0.0013954470658468832	0.002565149776169818	0.0027610626218780502	0.00043089339731066674	0.0010337430663081635	0.0003761005042050461	0.0009513049227373348	0.0015768033630095375	0.0011150510922588073	0.0023100622983580695	0.0007525795207665634	0.002845931163206833	0.004114451295006112	0.0044006075270525465	0.004952564970022012	0.004269461082358964	0.004529427348888575	0.00504950580714334	0.00444676937596802	0.006655191670800477	0.007012162992469817	0.006971736030696732	0.006963911087472048	0.009945222932306506	0.00785863445474138	0.01940491144364222	0.01738489179768196	0.008220829614890315	0.005301601697342569	0.008248991262345783	0.032581605842587416	0.007173839950997057	0.006676743913858126	0.00724949951594901	0.00768431424948012	0.007065620866289832	0.037764617926900466	0.027637615454932162	0.006776079481689726	0.009705222419805128	0.035793996433055086	0.008510275454695636	0.007033518169467427	0.00685506105644789	0.008128630362868301	0.007854068813003759	0.007182749667352139	0.012732386532196317	0.008193639141698076	0.037073561048566336	0.007145194998179697	0.00704031087768534	0.0072282281109975685	0.019158316483309974	0.007083103881141405	0.015859637004317383	0.007690531657442028	0.037404619721242996	0.04012860479559735	0.039991835598201006	0.03990379382850829	0.03745535435193505	0.037832174456038876	0.03805371916147322	0.03912507811400576	0.03877366013001965	0.039512330339615195	0.03967517582632808	0.03938415978121848	0.03946841280397573	0.040020372218340095
WP_Pstr_16_2017	106123	0.0005619217230918949	0.0	0.0014232480903551678	0.0011063194423664362	0.0025008558440384426	0.002752319626331752	0.0007352536510355837	0.000852441374215275	0.0007524478506807228	0.0005891194590608898	0.0012485383217809482	0.0008246172511709989	0.0018443783150388186	0.0006590712082182332	0.0027983786191519283	0.0040398136708364564	0.004366359773135268	0.004913668794838132	0.004235443867549506	0.0044954183442302165	0.005010386412822377	0.0044053535483922325	0.006640072543444725	0.006986993740269379	0.006946566778496293	0.006938741835271609	0.010003248463550116	0.007843195836110314	0.01939004262554803	0.017485339670450822	0.008206198436902658	0.005266864426878593	0.008234325891539662	0.03256684051957123	0.0071590223067010215	0.0066617996708741006	0.007234740230884825	0.007785043513352015	0.007050659373920203	0.037749852603884276	0.02762284563303154	0.0067615887162277705	0.00980614784749756	0.03577923111003889	0.008495338057419751	0.007018781636355886	0.006840475163617207	0.008113191744237233	0.007838748057909137	0.007167512800253796	0.012832910953588387	0.008178193321377748	0.03705879572555014	0.00712988673713545	0.007025465700596601	0.007212791244134507	0.019143461456605004	0.0070683910221249775	0.015959439330880808	0.007675218982853256	0.0373898543982268	0.04011383947258115	0.039977070275184816	0.03988902850549209	0.03744058902891886	0.037817409133022686	0.03803895383845703	0.03911031279098957	0.03875889480700345	0.039497565016599	0.039660410503311885	0.039369394458202284	0.03945364748095954	0.0400056068953239
WP_Ofra_17_2017	106124	0.0018287412168802564	0.0014232480903551678	0.0	0.0019195036613502074	0.0033189141611493014	0.0033372383179380467	0.0018367360891677904	0.0016813936928141739	0.0016434865607328798	0.0011818917807223006	0.0018574480682178177	0.0017014862897909476	0.0008145620140328686	0.0018928944091095808	0.0035255151450850866	0.004820081867046454	0.005087007051954221	0.005667240105493574	0.004956129319079762	0.00521611033487479	0.005763755961495602	0.00515877516058109	0.007377273565047304	0.0076761100074579924	0.0076356819440928075	0.007627857000868124	0.00890391712432886	0.008325972213511904	0.018309646070749322	0.01634074797204349	0.008944165515978474	0.005986885469944794	0.008972321563694598	0.03148643310143803	0.007896947178198402	0.007399682454545122	0.007972612761565672	0.00845848120636667	0.0059700550412201524	0.03666944518575109	0.0265425461081506	0.0074995750361009274	0.010479782159037221	0.0346988236919057	0.007560133972156588	0.007756706507853266	0.007578395639266343	0.0070324559851149965	0.008576205094920741	0.007905017516338054	0.013506086751725734	0.008915516505294391	0.03597838830741695	0.007867337336661003	0.007763329491902942	0.007950195738656338	0.018063097741539847	0.007806397468375501	0.014814236101433923	0.008412691839471995	0.03630944698009361	0.039033432054447974	0.03889666285705163	0.03880862108735891	0.03636018161078568	0.0367370017148895	0.03695854642032385	0.03802990537285638	0.037678487388870266	0.03841715759846581	0.0385800030851787	0.0382889870400691	0.03837324006282635	0.03892519947719072
WP_Pstr_28_2017	106135	0.0013954470658468832	0.0011063194423664362	0.0019195036613502074	0.0	0.0024574475673729704	0.0027435869350415374	0.0013634261737951354	0.001037336386507857	0.001312842038564941	0.0011069207794525313	0.0004036443708695164	0.001680624916223112	0.0020766699072688657	0.0011047143428085278	0.0026245165163386293	0.003775196810849764	0.004212465817062551	0.00465954905352075	0.004081613281586236	0.004341539878632764	0.004755186965800425	0.004076955735174449	0.006526144418718507	0.006730094761170671	0.006729241804147699	0.006702452895202611	0.009965642554993014	0.007681282894255224	0.019229943686808203	0.017461551486828146	0.008046352397808735	0.005111454515606207	0.008074458743489978	0.03240639134444647	0.006999130500949491	0.006501838419240258	0.007074627783498833	0.007760446864935587	0.006889324627814201	0.03758940342875952	0.027462611123481542	0.006601696588239416	0.009782484384140894	0.035618781934914134	0.008335257256879778	0.006858877697737964	0.0066805835704191446	0.007951278802382146	0.007677771304524071	0.007007140969197349	0.012808993059341215	0.00801642190720311	0.03689834655042538	0.006969234247312029	0.00686534923219711	0.007051539121779653	0.018983282655827875	0.006908515414613977	0.0159338651856632	0.007514371075019543	0.037229405223102044	0.0399533902974564	0.039816621100060054	0.03972857933036733	0.037280139853794095	0.037656959957897924	0.03787850466333227	0.038949863615864805	0.03859844563187869	0.03933711584147424	0.03949996132818713	0.03920894528307753	0.039293198305834776	0.03984515772019914
ET_Pstr_54_2017	106161	0.002565149776169818	0.0025008558440384426	0.0033189141611493014	0.0024574475673729704	0.0	0.0006980175317949752	0.0022858366600397124	0.002436755087990093	0.0025651471241692975	0.00249173094103808	0.002411397427398148	0.0027777831920336804	0.003477455767862796	0.0025514132988008835	0.0037105283641951457	0.004968501056481142	0.005294780836494562	0.005838205327847585	0.005163579425092672	0.005423435390809973	0.005935263891441491	0.00517419395888257	0.007506805755927472	0.007878255954134631	0.007837828992361547	0.007830004049136863	0.01093270061672081	0.008461396003364291	0.02025622422492463	0.01549411956204683	0.008860187691699524	0.005946670618984672	0.00888838536328303	0.03343321936002573	0.008024948038307476	0.007527871807492823	0.007887253681168948	0.0058740546690924655	0.00766792702387318	0.038616231444338775	0.02848913428644029	0.007627214172165241	0.007814042878288824	0.03664560995049339	0.009117095518336985	0.007884646063102123	0.007706155406538226	0.008980281429220716	0.008705184346416496	0.008033753284397045	0.011185988252807127	0.00904542453404168	0.03792517456600464	0.007996218966154274	0.007891166545458742	0.008079431671097584	0.02000975177948272	0.007691385197013924	0.014405163387816418	0.008541647190854764	0.0382562332386813	0.04098021831303565	0.040843449115639315	0.04075540734594659	0.038306967869373355	0.038683787973477185	0.03890533267891153	0.039976691631444065	0.03962527364745795	0.0403639438570535	0.040526789343766384	0.04023577329865678	0.040320026321414036	0.040871985735778396
ET_Pstr_54_2018	106196	0.0027610626218780502	0.002752319626331752	0.0033372383179380467	0.0027435869350415374	0.0006980175317949752	0.0	0.0025236189960888395	0.0024169727842258035	0.0025254462672610915	0.0024252076772722426	0.002500168814207291	0.002728540047195474	0.0035264307899625334	0.002685470029106196	0.003775696625839349	0.005043517744317752	0.005394769527474769	0.005923318974651886	0.005263685766363107	0.0055234421657808785	0.006020038447871531	0.005328515746633209	0.0076658331925452735	0.008031630854466561	0.007991203892693477	0.007983378949468791	0.010950415802334332	0.008592148086888594	0.020415327296889996	0.015202399708047244	0.009019507416252383	0.006018579223040586	0.009047710143712905	0.03359202256876836	0.008184087012048513	0.007687065411765636	0.008046370088940383	0.005712682756270491	0.007798696472101853	0.03877503465308141	0.028648300600230617	0.007786507589260335	0.007452730561410894	0.03680441315923602	0.009276201213592298	0.008043821379871885	0.007865330299243576	0.009138968701291163	0.008864208858082274	0.00819273440994868	0.011053042183411096	0.009204111806112128	0.03808397777474727	0.008155199215744924	0.008050230466173924	0.00823837282742836	0.020168880808063123	0.007850451170412439	0.014272019359373328	0.008700671702520542	0.03841503644742393	0.041139021521778285	0.04100225232438194	0.040914210554689225	0.03846577107811599	0.03884259118221981	0.039064135887654165	0.0401354948401867	0.039784076856200584	0.04052274706579613	0.04068559255250902	0.040394576507399416	0.04047882953015666	0.04103078894452103
CH_Pstr_10_2018	106216	0.00043089339731066674	0.0007352536510355837	0.0018367360891677904	0.0013634261737951354	0.0022858366600397124	0.0025236189960888395	0.0	0.0009701083709923084	0.0006259559750619141	0.0009732751997997998	0.0015437089335235236	0.0012375329813361668	0.002339990858953088	0.0009915440512266737	0.0026687506785249776	0.00391470950957115	0.004246184722323859	0.004774037781583938	0.004114938814922161	0.004374939268052986	0.00487106485140845	0.004247282277743094	0.006516743282860619	0.006866154847709021	0.006825727885935936	0.006817902942711253	0.009878734109018676	0.007720276078554046	0.019266277337177177	0.01722545457877807	0.00808203076409899	0.0051472882332672465	0.008110198906544491	0.03244302849402711	0.007035081297999504	0.006538005067184849	0.0071106288977877885	0.007524334062420361	0.00692707809178534	0.03762604057834016	0.027499026940544426	0.006637308532803157	0.009545193539480603	0.03565541908449477	0.008371477645853827	0.00689477932279415	0.006716289258175281	0.00799027198668097	0.007715420623576294	0.0070440269558304175	0.012572682039871072	0.008055415091501933	0.03693498370000602	0.007006490322513642	0.006901386393390656	0.007089689704433966	0.01901981445530323	0.006944102424254703	0.015717893799931083	0.007551892792545331	0.03726604237268268	0.03999002744703704	0.03985325824964069	0.039765216479947976	0.03731677700337474	0.03769359710747856	0.03791514181291292	0.03898650076544545	0.03863508278145933	0.03937375299105488	0.03953659847776777	0.03924558243265817	0.039329835455415414	0.03988179486977978
CH_Pstr_82_2019	106242	0.0010337430663081635	0.000852441374215275	0.0016813936928141739	0.001037336386507857	0.002436755087990093	0.0024169727842258035	0.0009701083709923084	0.0	0.001011095068062203	0.0006325478645393296	0.0008546857852685715	0.0010601729224397575	0.0017704884289114508	0.0004981201796616956	0.0025779602478866502	0.003730001467584042	0.004064528862483577	0.004616405097191519	0.00393356433287065	0.004193594985265337	0.004713178576089685	0.004090791088916551	0.0064513324307151985	0.006708958387186008	0.006668531425412924	0.00666070648218824	0.009735983555727563	0.007592686831778995	0.019139376991114794	0.017385547021709538	0.007955632117088988	0.004965011721211252	0.007983871337793182	0.032316294814649656	0.006908451597903478	0.006411100172886149	0.0069840075516722664	0.007685170944860871	0.006800293465446027	0.0374993068989627	0.02737227702851608	0.0065109609982684415	0.0097062523451238	0.03552868540511732	0.008244795271044682	0.006768206517996197	0.0065897626464809095	0.007862682739905917	0.0075880049284456005	0.006916699918175738	0.012733046490474388	0.00792782584472688	0.03680825002062857	0.006879005120997713	0.006774651057827107	0.006962029138434255	0.018892897057707803	0.006817592849678056	0.01585966293327605	0.007424467772883869	0.03713930869330523	0.03986329376765958	0.03972652457026324	0.039638482800570515	0.03719004332399728	0.03756686342810111	0.037788408133535456	0.03885976708606799	0.038508349102081875	0.03924701931167743	0.039409864798390315	0.03911884875328071	0.03920310177603796	0.03975506119040233
CH_Pstr_10_2019	106244	0.0003761005042050461	0.0007524478506807228	0.0016434865607328798	0.001312842038564941	0.0025651471241692975	0.0025254462672610915	0.0006259559750619141	0.001011095068062203	0.0	0.000725687652124808	0.0013177367306678122	0.0011445698964891108	0.002113957945635475	0.000953438499892721	0.002780903160023012	0.004023358355455265	0.0043611327405664625	0.004888889303912732	0.004230202776528701	0.004490202831882714	0.004985645052324596	0.004350431484971755	0.006649977959406805	0.007006146779073742	0.006965719817300656	0.006957894874075973	0.00992315079570258	0.00785336214853393	0.019400002885973017	0.017364804212114525	0.00821623109089712	0.00526181587765064	0.008244439942448733	0.03257674806589539	0.007169133735470977	0.0066719391562483025	0.007244882240580489	0.007664665171967105	0.007060505155250052	0.03775976015020843	0.02763278235390551	0.00677159255556656	0.00968574411111972	0.03578913865636305	0.008505549585372448	0.007028888655563696	0.006850474607107752	0.008123358056660854	0.007848981172875606	0.0071777358094497895	0.012712393780093794	0.0081883568443012	0.03706870327187431	0.007140126368793303	0.007035630579668033	0.007223012107939476	0.019153420708580296	0.007078560651636151	0.01585097091550033	0.007685444017313876	0.03739976194455096	0.040123747018905316	0.03998697782150898	0.039898936051816256	0.03745049657524302	0.03782731667934684	0.038048861384781196	0.03912022033731373	0.038768802353327615	0.03950747256292316	0.03967031804963605	0.03937930200452645	0.0394635550272837	0.04001551444164806
WP_Ofra_17_2019	106258	0.0009513049227373348	0.0005891194590608898	0.0011818917807223006	0.0011069207794525313	0.00249173094103808	0.0024252076772722426	0.0009732751997997998	0.0006325478645393296	0.000725687652124808	0.0	0.001002972808078078	0.0006767455177230763	0.0016428135606361724	0.0009039188545618673	0.002682694719400138	0.0039401833600839434	0.004297462016018526	0.004826374984474057	0.004166571398194528	0.004426556699882779	0.004923008270655394	0.004339863264504259	0.006615014023898523	0.006946000633534847	0.006905573671761762	0.006897748728537078	0.009924641885271366	0.007818208944239732	0.019365431907627628	0.01740183619300989	0.00818172943159208	0.005197518083614209	0.008209890753257634	0.03254232131392701	0.007134460042705753	0.006637186326143191	0.007210024502352353	0.007701405944756083	0.007025711388673653	0.03772533339824006	0.02759833194502891	0.006737104468410946	0.009722630168062314	0.03575471190439467	0.008470791536316812	0.006994221272845514	0.006815890758851546	0.008088204852366655	0.007813617948361079	0.007142402856005075	0.012749353538970172	0.008153347957187619	0.03703427651990592	0.0071047080588270495	0.007000655455553149	0.0071876551083028	0.019118891626794927	0.007043801342849194	0.015875435310461934	0.007650089991862358	0.03736533519258258	0.04008932026693694	0.0399525510695406	0.039864509299847875	0.03741606982327464	0.03779288992737846	0.038014434632812816	0.03908579358534535	0.038734375601359235	0.03947304581095479	0.039635891297667675	0.039344875252558066	0.03942912827531532	0.03998108768967969
WP_Pstr_28_2019	106266	0.0015768033630095375	0.0012485383217809482	0.0018574480682178177	0.0004036443708695164	0.002411397427398148	0.002500168814207291	0.0015437089335235236	0.0008546857852685715	0.0013177367306678122	0.001002972808078078	0.0	0.001588189421758681	0.0019787290961529986	0.0011811808740406424	0.0026785368080667763	0.0038279223697895797	0.004223364583486412	0.004714357443775121	0.004092503346444954	0.004352300213761753	0.004810097835750489	0.004095395591261186	0.006533401457460784	0.006730447076229655	0.006725826971431431	0.0066990380624863425	0.009960397893090302	0.0075146034803858786	0.01922627474187187	0.017305257239042006	0.007879426020515593	0.004959131596617212	0.007907547179909035	0.032402928475058136	0.006995474394231463	0.006498205926049973	0.006907713131511513	0.00760423041825993	0.0067226009016556855	0.037585940559371186	0.027459206506520402	0.006598083807636039	0.009626187406626848	0.035615319065525806	0.008168356744311354	0.006855241602887767	0.006676938003373033	0.007947987699864153	0.007674218187744495	0.007003417733273525	0.012816074046246006	0.008013130804685114	0.03689488368103705	0.006965532284239202	0.006861716300848047	0.007048001710756365	0.0189796926699944	0.006741580658400049	0.015941136672153626	0.007510793252773269	0.037225942353713716	0.03994992742806807	0.03981315823067173	0.03972511646097901	0.037276676984405774	0.0376534970885096	0.03787504179394395	0.038946400746476484	0.03859498276249037	0.039333652972085915	0.0394964984587988	0.0392054824136892	0.039289735436446455	0.039841694850810815
WP_Ofav_18_2017	106125	0.0011150510922588073	0.0008246172511709989	0.0017014862897909476	0.001680624916223112	0.0027777831920336804	0.002728540047195474	0.0012375329813361668	0.0010601729224397575	0.0011445698964891108	0.0006767455177230763	0.001588189421758681	0.0	0.0017642463158487605	0.0011117910404053121	0.002610556423324241	0.0038088144606940335	0.0041402112747248344	0.004694691912864009	0.004009365975981892	0.00426925005761063	0.004791327842831034	0.004451708775195304	0.006641246967435838	0.007003117305065231	0.006962686360956783	0.006954861417732099	0.009919826609535477	0.007844635413193014	0.019391991606825257	0.01738087347838567	0.008208018457590505	0.005040030082296242	0.008236150015438714	0.032568887541041244	0.007160778572542612	0.006663528857894737	0.007236187184505618	0.007679790260636629	0.007051860757529101	0.03775189962535429	0.02762466840806484	0.006763350399091971	0.009701026088833302	0.03578127813150891	0.00849716290647384	0.007020537902197478	0.006842277820327581	0.008114631321319937	0.00784016602710811	0.007168932557815	0.012728476827124515	0.0081797744261409	0.03706084274702016	0.007131237760636975	0.0070267798958044605	0.007214200077171471	0.01914544039687252	0.0070699250036305086	0.015854415667500503	0.00767662887154638	0.03739190141969682	0.04011588649405117	0.039979117296654834	0.03989107552696211	0.037442636050388875	0.0378194561544927	0.03804100085992705	0.039112359812459585	0.03876094182847347	0.03949961203806902	0.039662457524781904	0.0393714414796723	0.039455694502429556	0.040007653916793916
WP_Mcav_19_2017	106126	0.0023100622983580695	0.0018443783150388186	0.0008145620140328686	0.0020766699072688657	0.003477455767862796	0.0035264307899625334	0.002339990858953088	0.0017704884289114508	0.002113957945635475	0.0016428135606361724	0.0019787290961529986	0.0017642463158487605	0.0	0.0018299459182088878	0.0031275882235837086	0.004375933580454223	0.0047658841824299025	0.00526180843640189	0.0046350383153416766	0.004894964590423519	0.005358526497405595	0.004923137273498371	0.007166869579283427	0.007567707226939199	0.007527288699839155	0.00751946333709968	0.008750401172472161	0.008115187251389903	0.018108883027496147	0.016273976518099614	0.00873191456703323	0.005665419814941534	0.008760056679359321	0.03128574145503388	0.007684737007727094	0.007187472284073815	0.007760454919373617	0.008380762173668453	0.0057696584411722086	0.03646875353934693	0.026341450528836307	0.007287303417253844	0.010401884705666659	0.03449813204550154	0.007347982223885291	0.007544496337381959	0.007366228703382705	0.00683148500331837	0.008364057485752991	0.007692815102338499	0.013428091415908582	0.008703352695989614	0.03577769666101279	0.0076551286721462655	0.007551204404728978	0.007738053224393504	0.01786214551238872	0.007594373099279423	0.014747712224490329	0.008200544230304245	0.03610875533368946	0.038832740408043805	0.03869597121064747	0.038607929440954744	0.03615948996438151	0.03653631006848533	0.036757854773919685	0.03782921372645221	0.0374777957424661	0.03821646595206165	0.03837931143877454	0.03808829539366493	0.03817254841642218	0.03872450783078655
CH_Ssid_51_2017	106157	0.0007525795207665634	0.0006590712082182332	0.0018928944091095808	0.0011047143428085278	0.0025514132988008835	0.002685470029106196	0.0009915440512266737	0.0004981201796616956	0.000953438499892721	0.0009039188545618673	0.0011811808740406424	0.0011117910404053121	0.0018299459182088878	0.0	0.002588129010072618	0.00376486681374407	0.0040911734691065765	0.004623369760109457	0.003960292840745875	0.004220256774095284	0.004720153511631672	0.004176225620334827	0.006485712277337158	0.006728960483112343	0.006688533521339257	0.006680708578114573	0.00968921630514414	0.0076141938417279495	0.01916083300030235	0.017419737208297467	0.007977310532694896	0.004991712902814695	0.00800553493968689	0.032337718614569584	0.006930211630372701	0.006432893867160847	0.0070057811970565004	0.007719621827590253	0.006821799628775066	0.03752073069888263	0.0273936664066564	0.006532640612120909	0.009740699573729545	0.03555010920503725	0.008266571129471323	0.0067899665504654195	0.006611575189880907	0.007884189749854872	0.00760991837204484	0.006938642844069042	0.012767376587441658	0.007949190245527602	0.0368296738205485	0.006901003404766591	0.006796488898571688	0.0069839322047722755	0.0189143081816657	0.006839415331622007	0.01589404861540997	0.0074463865785147024	0.03716073249322516	0.03988471756757951	0.03974794837018317	0.039659906600490444	0.03721146712391721	0.03758828722802104	0.037809831933455385	0.03888119088598792	0.0385297729020018	0.039268443111597356	0.03943128859831024	0.03914027255320064	0.03922452557595789	0.039776484990322256
ET_Ofra_40_2017	106147	0.002845931163206833	0.0027983786191519283	0.0035255151450850866	0.0026245165163386293	0.0037105283641951457	0.003775696625839349	0.0026687506785249776	0.0025779602478866502	0.002780903160023012	0.002682694719400138	0.0026785368080667763	0.002610556423324241	0.0031275882235837086	0.002588129010072618	0.0	0.0016631333965186077	0.0020663662290885875	0.0027587408381142984	0.0019356660186780055	0.002195449634766038	0.0024599370785854356	0.003228251210881673	0.00566698226506766	0.006066323978084044	0.0060258606000688384	0.006018031514030403	0.009770308751517593	0.006585651737463888	0.018138211392473957	0.01627153920860743	0.006955971750433146	0.0029620493877150857	0.006984109587939822	0.031313641336047804	0.005908890312002996	0.005411294572963508	0.0059842820216601065	0.0065716234019891455	0.005795377850923669	0.03649665342036085	0.026369479847177867	0.005511273174588861	0.008594269487183205	0.03452603192651547	0.007245480893995124	0.0057686006083218135	0.005590217148348139	0.006855592495526783	0.006587348569080663	0.00591713231437575	0.011619701985135709	0.006920735600347747	0.03580559654202672	0.005879172613365043	0.005774889692024138	0.005960634349411885	0.01789154682104943	0.0058181724841702975	0.014740262391976764	0.0064240912653730905	0.03613665521470338	0.03886064028905773	0.03872387109166139	0.03863582932196867	0.036187389845395435	0.03656420994949926	0.03678575465493361	0.037857113607466145	0.03750569562348002	0.038244365833075576	0.03840721131978846	0.03811619527467886	0.03820044829743611	0.038752407711800475
WP_Cnat_31_2017	106137	0.004114451295006112	0.0040398136708364564	0.004820081867046454	0.003775196810849764	0.004968501056481142	0.005043517744317752	0.00391470950957115	0.003730001467584042	0.004023358355455265	0.0039401833600839434	0.0038279223697895797	0.0038088144606940335	0.004375933580454223	0.00376486681374407	0.0016631333965186077	0.0	0.0012893818490254919	0.001378682079170437	0.0012813492465540343	0.0013250042197225722	0.000984133579375396	0.0032028707548529913	0.006136232938101397	0.006673788273006792	0.006682774778319694	0.006681639569316369	0.010230767415072934	0.006862354235629999	0.018110780659856995	0.016786782306992213	0.006927137777969238	0.0015398964400760305	0.006955467036124035	0.03128683082200219	0.0058799654978598185	0.005382484506159712	0.005955073131395699	0.007086160645601657	0.005772059063860391	0.036469842906315234	0.026342669333132247	0.005482359518511701	0.009107223398348735	0.03449922141246985	0.007216887372145727	0.005739700583550236	0.005561315816675373	0.0068337680353026935	0.006560540136811133	0.005889188402726503	0.012133459309225346	0.006898911140123656	0.035778786027981097	0.005851629867531867	0.005745356770583475	0.005934549645302514	0.017864471368888732	0.005788007405039958	0.015260831697579006	0.006397002981249401	0.03610984470065776	0.03883382977501211	0.03869706057761577	0.03860901880792305	0.036160579331349814	0.036537399435453644	0.03675894414088799	0.037830303093420524	0.03747888510943441	0.038217555319029956	0.03838040080574284	0.03808938476063324	0.038173637783390495	0.038725597197754855
ET_Pstr_42_2017	106149	0.0044006075270525465	0.004366359773135268	0.005087007051954221	0.004212465817062551	0.005294780836494562	0.005394769527474769	0.004246184722323859	0.004064528862483577	0.0043611327405664625	0.004297462016018526	0.004223364583486412	0.0041402112747248344	0.0047658841824299025	0.0040911734691065765	0.0020663662290885875	0.0012893818490254919	0.0	0.0015443452313368656	0.00022761014797105175	0.00022757323646906057	0.0015358356591070217	0.003229317062241702	0.005644294124512787	0.006181872473226466	0.006190858978539368	0.006189723769536043	0.009971351598986242	0.006602783735255406	0.017851378086824132	0.016294873841841764	0.006666944094093605	0.0016986466565078442	0.006695044542867367	0.03102695025759117	0.005619900499910171	0.005122615961076646	0.005695100493362079	0.006594250361434572	0.005511830082524056	0.03620996234190422	0.026082633875785473	0.005222220945474174	0.00861526457098259	0.03423934084805884	0.0069566598817201964	0.00547960065613122	0.005301245485288699	0.0065741975349281005	0.00630079138738167	0.005629662141289911	0.011641580610191323	0.006639340639749064	0.03551890546357009	0.005592103606095276	0.005485381335730706	0.005674762681366951	0.01760494232285839	0.005528046502055205	0.014769341094796877	0.006137260289593691	0.03584996413624675	0.0385739492106011	0.03843718001320476	0.038349138243512035	0.0359006987669388	0.03627751887104262	0.036499063576476976	0.03757042252900951	0.037219004545023394	0.03795767475461895	0.038120520241331834	0.037829504196222226	0.03791375721897948	0.03846571663334385
WP_Pstr_68_2017	106173	0.004952564970022012	0.004913668794838132	0.005667240105493574	0.00465954905352075	0.005838205327847585	0.005923318974651886	0.004774037781583938	0.004616405097191519	0.004888889303912732	0.004826374984474057	0.004714357443775121	0.004694691912864009	0.00526180843640189	0.004623369760109457	0.0027587408381142984	0.001378682079170437	0.0015443452313368656	0.0	0.001726004623327039	0.0015153452558544337	0.0009185536236570972	0.0031425625828648595	0.0060759159873186135	0.006613822367619689	0.00662277999549712	0.006621654330589916	0.010374134404891468	0.006802519091989091	0.01827323428591812	0.016934564184170345	0.00686848570902821	0.0015785055616470405	0.0068967377716418355	0.031227532219822718	0.005821799473508936	0.005324075703862927	0.005896095325151409	0.0070259494868960696	0.005711733621366409	0.03641054430413576	0.026282940087993915	0.005423889148204605	0.009046509618388146	0.034439922810290374	0.007158352600105714	0.005681352032240237	0.005502985752876652	0.006773932891661786	0.006501650093136422	0.005830520847044663	0.012073925808585883	0.006839075996482749	0.03571948742580163	0.005792962311850027	0.005686306134013445	0.0058755874709113705	0.017806087516546974	0.005729371997276577	0.015200788831014266	0.0063381189953484445	0.036050546098478284	0.038774531172832645	0.0386377619754363	0.038549720205743584	0.03610128072917034	0.03647810083327417	0.03669964553870852	0.03777100449124105	0.03741958650725494	0.03815825671685049	0.03832110220356338	0.03803008615845377	0.03811433918121102	0.03866629859557539
ET_Pstr_42_2018	106188	0.004269461082358964	0.004235443867549506	0.004956129319079762	0.004081613281586236	0.005163579425092672	0.005263685766363107	0.004114938814922161	0.00393356433287065	0.004230202776528701	0.004166571398194528	0.004092503346444954	0.004009365975981892	0.0046350383153416766	0.003960292840745875	0.0019356660186780055	0.0012813492465540343	0.00022761014797105175	0.001726004623327039	0.0	0.0004090908272726918	0.0016732853267043904	0.0032271305478968532	0.00566874405914388	0.006206334815804584	0.006215317899743545	0.006214189108527102	0.009978807455559013	0.006610562932086042	0.017858272782628287	0.016319037053153886	0.006673730390162328	0.0018459330826432914	0.006701828995980742	0.031034240267333667	0.005627055352156242	0.005129870660721299	0.00570239399137757	0.006618600508681172	0.005519680423751569	0.03621725235164672	0.026089915096622812	0.005229135973311274	0.008639588529464429	0.03424663085780133	0.0069639409934113975	0.0054866588724246474	0.005308214546411728	0.006581976731758737	0.006308032793585919	0.005636812076968759	0.011665525683631814	0.006647119836579701	0.03552619547331258	0.005599253541774123	0.00549272833594651	0.00568209574193649	0.01761184317599912	0.0055353770188020625	0.014793774116603292	0.006144495638024188	0.03585725414598924	0.038581239220343594	0.03844447002294725	0.03835642825325453	0.0359079887766813	0.03628480888078512	0.036506353586219474	0.03757771253875201	0.03722629455476589	0.03796496476436144	0.038127810251074326	0.037836794205964724	0.03792104722872197	0.03847300664308634
ET_Pstr_42_2019	106232	0.004529427348888575	0.0044954183442302165	0.00521611033487479	0.004341539878632764	0.005423435390809973	0.0055234421657808785	0.004374939268052986	0.004193594985265337	0.004490202831882714	0.004426556699882779	0.004352300213761753	0.00426925005761063	0.004894964590423519	0.004220256774095284	0.002195449634766038	0.0013250042197225722	0.00022757323646906057	0.0015153452558544337	0.0004090908272726918	0.0	0.0015281222793065879	0.003287582394256694	0.005784465140211238	0.006322046263104173	0.006331032768417075	0.006329897559413751	0.010105413697986699	0.0067155174222040485	0.017964206909333057	0.016434762411592554	0.006779527646405721	0.0017452575330590507	0.006807617354995623	0.031139735950438542	0.005732527202761933	0.0052353602183586945	0.005807678436198468	0.006733960132266251	0.005624569395866496	0.03632274803475159	0.02619540714444662	0.005334815562697269	0.008754927230058822	0.034352126540906205	0.0070693465929230195	0.00559222490426468	0.005413869733422159	0.0066870855298923546	0.006413658172099964	0.005742528926008205	0.011781604581827696	0.006752228634713317	0.035631691156417455	0.005704970390813569	0.005598077504333033	0.0057875955498749125	0.01771777114536732	0.005640638062290588	0.014909482016906849	0.0062501270743119865	0.035962749829094115	0.03868673490344847	0.038549965706052125	0.03846192393635941	0.03601348445978617	0.036390304563889996	0.03661184926932435	0.03768320822185688	0.03733179023787077	0.038070460447466314	0.0382333059341792	0.0379422898890696	0.03802654291182685	0.038578502326191214
WP_Pstr_68_2019	106270	0.00504950580714334	0.005010386412822377	0.005763755961495602	0.004755186965800425	0.005935263891441491	0.006020038447871531	0.00487106485140845	0.004713178576089685	0.004985645052324596	0.004923008270655394	0.004810097835750489	0.004791327842831034	0.005358526497405595	0.004720153511631672	0.0024599370785854356	0.000984133579375396	0.0015358356591070217	0.0009185536236570972	0.0016732853267043904	0.0015281222793065879	0.0	0.0028449959495648698	0.005779125551539137	0.006315237386801878	0.00632418258028474	0.006323062959346373	0.010451759610943284	0.00650328705747674	0.01797756204074174	0.016638546500690396	0.006573671661194547	0.000800989105032457	0.00660200129656087	0.030930064904718182	0.005526757706868944	0.005029033937222935	0.00560140139897987	0.006728685516454937	0.00541359343750125	0.036113076989031226	0.025986349115748188	0.0051288564105369415	0.008751393142600275	0.034142455495185846	0.00686367781735263	0.005386443585588234	0.00520794398623666	0.00647454675491076	0.00620581403537304	0.005535711597992731	0.011777965564262586	0.006539689859731723	0.035422020110697096	0.0054977708296707365	0.0053916927723512715	0.005579097442749892	0.01751038122877295	0.005434765427145209	0.014901810609857917	0.006042562789439222	0.035753078783373755	0.03847706385772811	0.03834029466033177	0.03825225289063905	0.03580381341406581	0.036180633518169636	0.03640217822360399	0.03747353717613652	0.03712211919215041	0.037860789401745955	0.03802363488845884	0.03773261884334924	0.037816871866106494	0.038368831280470854
WP_Pstr_66_2019	106271	0.00444676937596802	0.0044053535483922325	0.00515877516058109	0.004076955735174449	0.00517419395888257	0.005328515746633209	0.004247282277743094	0.004090791088916551	0.004350431484971755	0.004339863264504259	0.004095395591261186	0.004451708775195304	0.004923137273498371	0.004176225620334827	0.003228251210881673	0.0032028707548529913	0.003229317062241702	0.0031425625828648595	0.0032271305478968532	0.003287582394256694	0.0028449959495648698	0.0	0.004885621733425762	0.0050699612630717966	0.005077372100824205	0.0050469415212013955	0.010068748774892469	0.005609567375549391	0.01708341924980259	0.015744984256320003	0.005855521905113454	0.003293177252050284	0.005867382319037568	0.030037260655763495	0.0046338035012359925	0.004136369402820538	0.004709182391952008	0.005837065787976393	0.004520369712583775	0.03522027274007654	0.02509364518376368	0.004235662583723042	0.007858601286765543	0.03324965124623116	0.005971002403292059	0.004493523300207878	0.004314832573590281	0.005581128849059005	0.005313035544989788	0.004642444868547515	0.010885719248508771	0.005646271953879968	0.034529215861742416	0.004604636252696419	0.00449996936838959	0.0049140105305809385	0.016616368133874234	0.00454278613015377	0.014008624748332447	0.005349216070746012	0.03486027453441907	0.03758425960877342	0.037447490411377085	0.03735944864168436	0.034911009165111126	0.03528782926921495	0.0355093739746493	0.036580732927181836	0.03622931494319572	0.03696798515279127	0.037130830639504155	0.03683981459439455	0.03692406761715181	0.03747602703151617
CH_Dlab_79_2017	106109	0.006655191670800477	0.006640072543444725	0.007377273565047304	0.006526144418718507	0.007506805755927472	0.0076658331925452735	0.006516743282860619	0.0064513324307151985	0.006649977959406805	0.006615014023898523	0.006533401457460784	0.006641246967435838	0.007166869579283427	0.006485712277337158	0.00566698226506766	0.006136232938101397	0.005644294124512787	0.0060759159873186135	0.00566874405914388	0.005784465140211238	0.005779125551539137	0.004885621733425762	0.0	0.004229076489931891	0.004202942905227349	0.004185366512540032	0.011494012035406991	0.00765921017115604	0.01927711535073642	0.017666493937747427	0.005142523492599511	0.005707815768593098	0.005154244143826578	0.03245225333049424	0.003920932276561067	0.0034231627574113003	0.004052602814095576	0.007759982790658777	0.0069334067140457475	0.037635265414807294	0.025804595050178798	0.0035232294781515575	0.009781963292526489	0.035664643920961914	0.005777335416004082	0.003780565903368713	0.003601942817634107	0.007630601066864298	0.00673703497077612	0.006067205528846682	0.012807815778768054	0.00769598543446039	0.036944208536473164	0.00602925009980153	0.004190795736678665	0.006337817545169805	0.018216331649469984	0.004277953561609288	0.015565943867066955	0.006773302808807046	0.037275267209149816	0.03999925228350417	0.03986248308610783	0.03977444131641511	0.037326001839841874	0.0377028219439457	0.03792436664938005	0.038995725601912584	0.03864430761792647	0.03938297782752202	0.03954582331423491	0.0392548072691253	0.039339060291882555	0.03989101970624692
WP_Dlab_20_2017	106127	0.007012162992469817	0.006986993740269379	0.0076761100074579924	0.006730094761170671	0.007878255954134631	0.008031630854466561	0.006866154847709021	0.006708958387186008	0.007006146779073742	0.006946000633534847	0.006730447076229655	0.007003117305065231	0.007567707226939199	0.006728960483112343	0.006066323978084044	0.006673788273006792	0.006181872473226466	0.006613822367619689	0.006206334815804584	0.006322046263104173	0.006315237386801878	0.0050699612630717966	0.004229076489931891	0.0	0.00017655709350266518	0.0002583950659318078	0.012686056196379678	0.008254883536688502	0.020033437963278063	0.01839680572879837	0.00867091639840873	0.006243231169747277	0.008679611912243238	0.03298634379555012	0.007584788089062345	0.007087112791152878	0.007389838243962258	0.008490002508669069	0.007470432828314926	0.03816935587986317	0.028042840150120724	0.007016682528856702	0.010512484975040474	0.036198734386017783	0.008587433891329559	0.007444498521873313	0.007265600244794684	0.008525166157931982	0.008262163721774511	0.007591962620294206	0.013537604138122467	0.008590048676235642	0.037478299001529033	0.007554032739077354	0.007451228979745822	0.007862944207535276	0.019566243959198096	0.007494452344244382	0.01665629073442404	0.008298434556497654	0.03780935767420569	0.04053334274856005	0.0403965735511637	0.04030853178147099	0.037860092304897744	0.038236912409001574	0.03845845711443592	0.039529816066968454	0.039178398082982346	0.03991706829257789	0.04007991377929078	0.03978889773418118	0.039873150756938425	0.04042511017130279
WP_Dlab_63_2017	106165	0.006971736030696732	0.006946566778496293	0.0076356819440928075	0.006729241804147699	0.007837828992361547	0.007991203892693477	0.006825727885935936	0.006668531425412924	0.006965719817300656	0.006905573671761762	0.006725826971431431	0.006962686360956783	0.007527288699839155	0.006688533521339257	0.0060258606000688384	0.006682774778319694	0.006190858978539368	0.00662277999549712	0.006215317899743545	0.006331032768417075	0.00632418258028474	0.005077372100824205	0.004202942905227349	0.00017655709350266518	0.0	0.0002957598956646218	0.01266302574352463	0.008263256229231283	0.020042360070400403	0.018388247079955854	0.008679848077705063	0.006252176363230139	0.008688551408781116	0.032995062019943025	0.007593725316504346	0.00709605001859488	0.007398818925065065	0.008481438814927678	0.0074793539236726065	0.03817807410425607	0.028051553746228787	0.007025667246431689	0.010503944924936715	0.03620745261041069	0.008596405142663681	0.007453435749315314	0.0072745533852346545	0.008533538850474762	0.008271039385721088	0.00760090407674384	0.01352895068713659	0.008598421368778423	0.03748701722592194	0.007562951979976103	0.0074602060079590905	0.00787181987148185	0.019575118389450114	0.0075034566179711494	0.016647406794994754	0.00830731022044423	0.037818075898598605	0.04054206097295295	0.040405291775556615	0.04031725000586389	0.037868810529290656	0.03824563063339448	0.03846717533882883	0.039538534291361366	0.03918711630737525	0.0399257865169708	0.040088632003683684	0.03979761595857408	0.039881868981331337	0.040433828395695696
