74
CH_Pstr_10_2017	106106	0	1.0	0.7837686796690029	1.0	0.859654775875598	0.8210476015349002	0.8210476015349001	0.7979215738647732	0.062015713084842286	0.14215457270940218	0.157477534219603	0.22620306716742616	0.7343523210761556	0.8210476015349001	1.0	0.8210476015349002	0.19743372612863555	0.596284280268916	1.0	0.7815238801639973	0.4547020522295385	0.6716828359076932	0.8218163171063355	1.0	0.8210476015349004	0.09465480097246659	0.8210476015349002	0.2288293792443721	0.7301145972707096	0.7499693685164831	0.6635782293177142	0.9213633794359244	0.6616806442531765	0.8210476015349001	0.9808742182757072	0.8210476015349002	0.234887032105771	1.0	0.8210476015349001	0.8210476015349002	1.0	0.8487435591745993	1.0	1.0	0.5425468490990395	0.8210476015349001	0.7937218726489251	0.8861631628600695	0.980803198651644	1.0	0.05430115359160434	0.8210476015349002	0.8210476015349001	1.0	0.8210476015349001	0.9353105069395362	0.8210476015349002	0.8210476015349001	0.8210476015349002	0.6685957622221436	1.0	0.828044266290082	0.8210476015349002	0.13240631500710076	0.05198667675058414	0.9806528898506828	1.0	0.8210476015349001	0.13078569532259393	0.7303601639231103	0.21464743792666535	0.8000507629883363	0.7072217274086514	0.7782999604270686
CH_Cnat_12_2017	106108	1.0	0	1.0	0.2692503777180527	0.39252358507323415	1.0	1.0	1.0	1.0	0.9660156619732241	1.0	0.9662867570437605	1.0	0.9234274364575565	0.23563575633646888	1.0	1.0	1.0	0.2540606878120446	1.0	1.0	1.0	1.0	0.20941597067936404	1.0	1.0	1.0	1.0	1.0	1.0	1.0	1.0	1.0	1.0	0.2701258201669077	1.0	1.0	0.1812668888372544	1.0	0.9562489835280099	0.20545865038022343	0.6053594470724233	0.07267582107161114	0.24694707304664912	0.7875603602154523	1.0	0.9308044899458391	0.6636439212201058	0.30833187635216003	0.1921862295014283	1.0	0.46807921400229746	1.0	0.26002860586198673	1.0	0.25761864017097424	0.9687799138365364	1.0	0.7559266253343744	1.0	0.1596709216365962	1.0	1.0	1.0	1.0	0.24894716089034255	0.05723664852881303	1.0	1.0	1.0	1.0	1.0	1.0	1.0
CH_Dlab_79_2017	106109	0.7837686796690029	1.0	0	1.0	0.8596547758755981	0.43324875703820825	0.40610227359905127	0.5120800487606841	0.7806053014223473	0.7701606992256345	0.7519763706155375	0.7261709167765376	0.4810000433979251	0.5689469678317947	1.0	0.3845871119021863	0.7574027572017813	0.6935603948284709	1.0	0.6083074305939756	0.693560394828471	0.693560394828471	0.712762483337539	1.0	0.6824994396854798	0.7658766003560553	0.693560394828471	0.7818013967840023	0.4723600377376877	0.6935603948284708	0.6935603948284709	0.9213633794359244	0.6957595534892568	0.6455195313742381	0.9808742182757072	0.6698966312548088	0.7744605431434974	1.0	0.4554804591150383	0.6935603948284709	1.0	0.8487435591745994	1.0	1.0	0.5933476383470279	0.68851282933707	0.748811293450206	0.7917658749703147	0.980803198651644	1.0	0.7737855701251422	0.6544677643683225	0.424981426849948	1.0	0.6935603948284709	0.935310506939536	0.5323656328017903	0.46652009049744736	0.6624156556106744	0.6935603948284709	1.0	0.7216067955192706	0.43660519789654717	0.7568900153933926	0.7744653735063828	0.9806528898506829	1.0	0.4225478670445471	0.7599938857253393	0.4687974111884443	0.7549097374177746	0.5243649872166353	0.693560394828471	0.7013410364523431
CH_Cnat_05_2017	106112	1.0	0.2692503777180527	1.0	0	0.27482133604729436	1.0	1.0	1.0	1.0	0.9660156619732241	1.0	0.9662867570437608	1.0	0.9234274364575565	0.4015928505071024	1.0	1.0	1.0	0.37694208106257837	1.0	1.0	1.0	1.0	0.35922358955329364	1.0	1.0	1.0	1.0	1.0	1.0	1.0	1.0	1.0	1.0	0.07511979199387565	1.0	1.0	0.34456481511631887	1.0	0.9562489835280099	0.3532693705946864	0.6343742692485906	0.2599597380116341	0.0347968159171104	0.7875603602154523	1.0	0.9308044899458393	0.5996332602061631	0.4128563783270098	0.3470246967197692	1.0	0.5810889506467093	1.0	0.1555608870084453	1.0	0.3698048040256666	0.9687799138365366	1.0	0.7206190701223737	1.0	0.3154988042183171	1.0	1.0	1.0	1.0	0.09720651274863538	0.2228018297237389	1.0	1.0	1.0	1.0	1.0	1.0	1.0
CH_Mcav_06_2017	106113	0.859654775875598	0.39252358507323415	0.8596547758755981	0.27482133604729436	0	0.8596547758755981	0.859654775875598	0.8596547758755981	0.8596547758755981	0.8256704378488224	0.8596547758755981	0.8259415329193586	0.8596547758755981	0.7830822123331547	0.4589265890389782	0.8596547758755984	0.8596547758755985	0.859654775875598	0.4279238686410239	0.8596547758755981	0.8596547758755981	0.8596547758755984	0.8596547758755984	0.4170765003792163	0.8596547758755981	0.8596547758755981	0.8596547758755984	0.8596547758755984	0.8596547758755981	0.8596547758755981	0.8596547758755981	0.9213633794359246	0.8596547758755984	0.8596547758755981	0.2586315889456292	0.8596547758755984	0.8596547758755981	0.39782440017810766	0.8596547758755984	0.8159037594036084	0.41361434388987667	0.544572207969847	0.40225274067205546	0.27134867494739107	0.6472151360910504	0.8596547758755981	0.7904592658214373	0.5341004642358197	0.44624558190415864	0.405264268985175	0.8596547758755984	0.4676483279519113	0.8596547758755981	0.3246045285886354	0.8596547758755981	0.30602263252733547	0.8284346897121344	0.8596547758755981	0.6155814012099727	0.8596547758755981	0.39445413199915547	0.859654775875598	0.8596547758755981	0.8596547758755981	0.8596547758755981	0.28517980520052244	0.3739032954087761	0.8596547758755981	0.8596547758755982	0.8596547758755981	0.859654775875598	0.8596547758755984	0.8596547758755981	0.859654775875598
CH_Pstr_82_2017	106115	0.8210476015349002	1.0	0.43324875703820825	1.0	0.8596547758755981	0	0.09543432722256129	0.43363158831975296	0.8178842232882447	0.807439621091532	0.7892552924814347	0.7631019240841065	0.7792721243619496	0.6263461802266173	1.0	0.36030465126455596	0.7946816790676787	0.7792721243619496	1.0	0.6657066429887984	0.7792721243619494	0.7792721243619496	0.6981005224204132	1.0	0.6521055449956901	0.8031555222219525	0.7792721243619496	0.8190803186498997	0.7792721243619496	0.7792721243619496	0.7792721243619494	0.9213633794359243	0.7792721243619496	0.7029187437690607	0.9808742182757072	0.6345540227829245	0.8117394650093948	1.0	0.4859636200232753	0.7792721243619496	1.0	0.8487435591745994	1.0	1.0	0.5908914191324545	0.6700534673110737	0.7792721243619494	0.7917658749703146	0.9808031986516442	1.0	0.8110644919910396	0.6261629954385549	0.10211638411258878	1.0	0.7792721243619495	0.935310506939536	0.44756594988799314	0.4999872494290605	0.7029187437690607	0.7792721243619494	1.0	0.7118924464920708	0.05056627096795126	0.7941689372592898	0.8117442953722801	0.9806528898506828	1.0	0.10490763201427855	0.7972728075912366	0.7792721243619494	0.792188659283672	0.4548162485524621	0.7792721243619495	0.7792721243619496
CH_Dlab_13_2017	106117	0.8210476015349001	1.0	0.40610227359905127	1.0	0.859654775875598	0.09543432722256129	0	0.44836754557073016	0.8178842232882447	0.8074396210915318	0.7892552924814348	0.7631019240841065	0.7521256409227922	0.5876524606294746	1.0	0.3632187169961567	0.7946816790676786	0.7521256409227924	1.0	0.6270129233916558	0.7521256409227924	0.7521256409227922	0.6981005224204133	1.0	0.65210554499569	0.8031555222219526	0.7521256409227928	0.8190803186498997	0.7521256409227924	0.7521256409227924	0.7521256409227924	0.9213633794359244	0.7521256409227924	0.6642250241719181	0.9808742182757072	0.6345540227829243	0.8117394650093948	1.0	0.46339922188238963	0.7521256409227924	1.0	0.8487435591745992	1.0	1.0	0.5688163440362092	0.6700534673110737	0.7521256409227924	0.7917658749703148	0.9808031986516442	1.0	0.8110644919910396	0.6259934186974986	0.09700600483052456	1.0	0.7521256409227924	0.9353105069395362	0.4690773234077881	0.4774228512881746	0.6642250241719182	0.7521256409227924	1.0	0.7118924464920707	0.12295081995765682	0.7941689372592898	0.8117442953722801	0.9806528898506829	1.0	0.08771447670175712	0.7972728075912369	0.7521256409227924	0.7921886592836719	0.4722917649809505	0.7521256409227924	0.7521256409227923
WP_Dlab_23_2017	106119	0.7979215738647732	1.0	0.5120800487606841	1.0	0.8596547758755981	0.43363158831975296	0.44836754557073016	0	0.794758195618118	0.7843135934214049	0.7839067057468115	0.7412624517258738	0.8070327334169384	0.6805999098580088	1.0	0.37486253950936377	0.7839067057468115	0.7839067057468114	1.0	0.691933477990558	0.7839067057468118	0.7839067057468116	0.6721091913859137	1.0	0.6447311363671685	0.7839067057468115	0.7790058387873067	0.7679273963501411	0.8070327334169385	0.75587981111718	0.7839067057468115	0.9213633794359244	0.7839067057468115	0.7571724734004525	0.9808742182757072	0.6391123307938945	0.7605865427096362	1.0	0.5133002865670774	0.779005838787307	1.0	0.8107766185026049	1.0	1.0	0.6136175469928237	0.654846428611436	0.7790058387873064	0.75379893429832	0.9808031986516442	1.0	0.7879384643209127	0.6310621959762172	0.4658200035074527	1.0	0.7790058387873068	0.9353105069395362	0.3554734716267154	0.4945288989710086	0.7571724734004522	0.7839067057468115	1.0	0.6809063901068317	0.412120713424942	0.7839067057468115	0.7886182677021533	0.9806528898506828	1.0	0.45861569179530826	0.7839067057468115	0.8070327334169385	0.7622607618093251	0.06878641345949847	0.7839067057468115	0.8070327334169383
WP_Pstr_16_2017	106123	0.062015713084842286	1.0	0.7806053014223473	1.0	0.8596547758755981	0.8178842232882447	0.8178842232882447	0.794758195618118	0	0.09196354717163652	0.11225385501121316	0.178384558784606	0.7298736024069132	0.8178842232882445	1.0	0.8178842232882445	0.17312945868356022	0.5854350248725059	1.0	0.7783605019173417	0.4443237113560762	0.6659945385918438	0.8218163171063354	1.0	0.8178842232882445	0.07614247861677179	0.8178842232882446	0.20994586162832723	0.7256358786014673	0.7442810712006336	0.6568594291904541	0.9213633794359244	0.6559923469373271	0.8178842232882446	0.9808742182757072	0.8178842232882446	0.2168903731279481	1.0	0.8178842232882445	0.8178842232882445	1.0	0.8487435591745994	1.0	1.0	0.5472343758518122	0.8178842232882447	0.7905584944022697	0.8861631628600694	0.980803198651644	1.0	0.08276390552516012	0.8178842232882448	0.8178842232882447	1.0	0.8178842232882446	0.9353105069395362	0.8178842232882445	0.8178842232882445	0.8178842232882445	0.6629074649062938	1.0	0.8280442662900818	0.8178842232882446	0.10187548237169519	0.08865671940647135	0.9806528898506829	1.0	0.8178842232882446	0.08063926923741474	0.725881445253868	0.19150991115236776	0.7968873847416807	0.7009799213307413	0.7745830734183522
WP_Ofra_17_2017	106124	0.14215457270940218	0.9660156619732241	0.7701606992256345	0.9660156619732241	0.8256704378488224	0.807439621091532	0.8074396210915318	0.7843135934214049	0.09196354717163652	0	0.1285461663993295	0.13203803716553933	0.7131653099301446	0.7734552830647559	0.9660156619732239	0.8074396210915319	0.1660502309834604	0.5803711005926289	0.9660156619732239	0.7679158997206291	0.42375852803963887	0.6531617984845398	0.8218163171063355	0.9660156619732239	0.8121411827265965	0.1263911167203881	0.8074396210915319	0.229590818244559	0.7089275861246987	0.7314483310933296	0.6497622034410757	0.9213633794359246	0.6431596068300233	0.8074396210915319	0.9468898802489313	0.8074396210915318	0.20160371245495007	0.9660156619732241	0.8074396210915318	0.7734552830647557	0.9660156619732239	0.8147592211478235	0.9660156619732243	0.9660156619732239	0.4948056336551892	0.8074396210915317	0.749562798543672	0.8521788248332934	0.9468188606248681	0.9660156619732241	0.13377197450834802	0.7791631633354164	0.807439621091532	0.9660156619732239	0.8074396210915319	0.9013261689127603	0.7770862773316823	0.807439621091532	0.7734552830647556	0.6500747247989899	0.9660156619732239	0.8280442662900818	0.807439621091532	0.09860400038674563	0.11283510784332593	0.9466685518239069	0.9660156619732241	0.8074396210915318	0.056129508385377815	0.7091731527770992	0.16200292839530944	0.79332826016151	0.6924656218507395	0.7684569118489417
WP_Ofav_18_2017	106125	0.157477534219603	1.0	0.7519763706155375	1.0	0.8596547758755981	0.7892552924814347	0.7892552924814348	0.7839067057468115	0.11225385501121316	0.1285461663993295	0	0.1475218984685617	0.7031897917488746	0.7892552924814348	1.0	0.7892552924814347	0.22427659758303334	0.525830389705575	1.0	0.749731571110532	0.3854561345296683	0.607150659266686	0.8218163171063352	1.0	0.8121411827265965	0.12774104294671626	0.7892552924814347	0.26711667812432244	0.6989520679434288	0.685437191875476	0.5980670934851547	0.9213633794359244	0.5971484676121694	0.7892552924814348	0.9808742182757072	0.8000487305595412	0.2379743486549071	1.0	0.7892552924814346	0.7892552924814347	1.0	0.8487435591745994	1.0	1.0	0.5134781644571763	0.8009127969083242	0.7619295635954597	0.8861631628600695	0.980803198651644	1.0	0.15973955249819086	0.8131475013621922	0.7892552924814348	1.0	0.7892552924814346	0.9353105069395362	0.8083063634951457	0.7892552924814348	0.7892552924814348	0.6040635855811364	1.0	0.8280442662900818	0.7892552924814348	0.11394129666462267	0.15776435876910544	0.9806528898506829	1.0	0.7892552924814348	0.09123735267559199	0.6991976345958295	0.2136179089049285	0.79332826016151	0.6431186362397724	0.7469367368457309
WP_Mcav_19_2017	106126	0.22620306716742616	0.9662867570437605	0.7261709167765376	0.9662867570437608	0.8259415329193586	0.7631019240841065	0.7631019240841065	0.7412624517258738	0.178384558784606	0.13203803716553933	0.1475218984685617	0	0.7289251237822488	0.7293886811278669	0.9662867570437605	0.7631019240841064	0.22500232425824856	0.5479909876988761	0.9662867570437605	0.7290103559538791	0.39824784718764683	0.6369975219057138	0.8218163171063352	0.9662867570437605	0.7717704247700709	0.1608723059880759	0.8057461781050443	0.26405416609110377	0.7289251237822488	0.7152840545145036	0.6176015088127806	0.9213633794359243	0.626995330251197	0.8057461781050441	0.947160975319468	0.764865063884903	0.23923800463113098	0.9662867570437608	0.7631019240841063	0.7720329351488048	0.9662867570437605	0.81503031621836	0.9662867570437608	0.9662867570437605	0.47561794665458035	0.8057461781050442	0.7478693555571845	0.8291841011975996	0.9470899556954049	0.9662867570437608	0.22352606704979594	0.7428897280630954	0.7631019240841064	0.9662867570437605	0.805746178105044	0.9015972639832968	0.7344420233107444	0.7631019240841063	0.7720329351488048	0.633910448220164	0.9662867570437608	0.8280442662900818	0.7631019240841065	0.1495848931135348	0.19476415975641242	0.9469396468944433	0.9662867570437608	0.7631019240841064	0.1372337006927672	0.7289251237822488	0.21497651397654172	0.7506840061405722	0.6652792342330734	0.7557413578236141
WP_Dlab_20_2017	106127	0.7343523210761556	1.0	0.4810000433979251	1.0	0.8596547758755981	0.7792721243619496	0.7521256409227922	0.8070327334169384	0.7298736024069132	0.7131653099301446	0.7031897917488746	0.7289251237822488	0	0.7337954859264956	1.0	0.7337954859264953	0.694218965415887	0.7337954859264953	1.0	0.6942717645555929	0.6900485408296394	0.7337954859264956	0.8218163171063354	1.0	0.8121411827265965	0.7113677540874008	0.7337954859264957	0.7342939853758849	0.02908065127884587	0.7337954859264956	0.7337954859264958	0.9213633794359244	0.7337954859264956	0.7337954859264956	0.9808742182757072	0.8000487305595413	0.7262780186011034	1.0	0.7337954859264953	0.7337954859264957	1.0	0.877758381350767	1.0	1.0	0.7134501041688477	0.8009127969083242	0.7488112934502058	0.8861631628600694	0.9808031986516442	1.0	0.7233577506311675	0.8131475013621922	0.7710047941736891	1.0	0.7337954859264956	0.9353105069395362	0.8083063634951457	0.7337954859264957	0.7337954859264955	0.7337954859264955	1.0	0.8280442662900818	0.7826285652202886	0.7025352310555648	0.7249885213435205	0.9806528898506829	1.0	0.7685712343682882	0.7072082650850583	0.03803156544226714	0.6922345411333283	0.8143250987080738	0.7337954859264956	0.7337954859264955
WP_Mcav_25_2017	106129	0.8210476015349001	0.9234274364575565	0.5689469678317947	0.9234274364575565	0.7830822123331547	0.6263461802266173	0.5876524606294746	0.6805999098580088	0.8178842232882445	0.7734552830647559	0.7892552924814348	0.7293886811278669	0.7337954859264956	0	0.9234274364575565	0.5986689261105823	0.7946816790676787	0.6631151600408534	0.9234274364575565	0.28493444339400237	0.6125186065457733	0.6758907495557863	0.7599804474523539	0.9234274364575565	0.7021331494454184	0.8031555222219523	0.5817436651855903	0.8190803186498994	0.7274182289753909	0.5902331282714146	0.6412929191238007	0.9213633794359244	0.6957595534892568	0.17592009118063892	0.9043016547332638	0.687527083039762	0.8117394650093948	0.9234274364575565	0.566437830174156	0.4936340807283419	0.9234274364575565	0.772170995632156	0.9234274364575565	0.9234274364575565	0.5495505815604566	0.734412571428095	0.7182601997883212	0.7449422408550506	0.9042306351092008	0.9234274364575566	0.8110644919910394	0.7000304074768914	0.6131898137739116	0.9234274364575565	0.6427184783729126	0.8587379433970928	0.6059103968496266	0.5866414621402993	0.3940318101283541	0.680044528048523	0.9234274364575565	0.7712031219868398	0.6292691881536054	0.7941689372592898	0.8117442953722801	0.9040803263082394	0.9234274364575565	0.6109813744070558	0.7972728075912364	0.7249549267521886	0.792188659283672	0.6934303905258404	0.5630215148476142	0.7013410364523431
ET_Cnat_35_2017	106131	1.0	0.23563575633646888	1.0	0.4015928505071024	0.4589265890389782	1.0	1.0	1.0	1.0	0.9660156619732239	1.0	0.9662867570437605	1.0	0.9234274364575565	0	1.0	1.0	1.0	0.21339645760537937	1.0	1.0	1.0	1.0	0.08774399693118232	1.0	1.0	1.0	1.0	1.0	1.0	1.0	1.0	1.0	1.0	0.4074513580080536	1.0	1.0	0.09530969166172248	1.0	0.9562489835280099	0.09373746628653708	0.5769696259133955	0.25791329380732725	0.3836756912421997	0.7875603602154523	1.0	0.9308044899458391	0.663643921220106	0.26931872628527614	0.10034053967319942	1.0	0.4389783981827315	1.0	0.37369598376112817	1.0	0.25281504019469453	0.9687799138365366	1.0	0.7559266253343743	1.0	0.1024849365085701	1.0	1.0	1.0	1.0	0.3857317784730852	0.2595523807535151	1.0	1.0	1.0	1.0	1.0	1.0	1.0
ET_Dlab_36_2017	106132	0.8210476015349002	1.0	0.3845871119021863	1.0	0.8596547758755984	0.36030465126455596	0.3632187169961567	0.37486253950936377	0.8178842232882445	0.8074396210915319	0.7892552924814347	0.7631019240841064	0.7337954859264953	0.5986689261105823	1.0	0	0.7946816790676786	0.7232822609321781	1.0	0.609813409992686	0.7232822609321778	0.723282260932178	0.6865170964272556	1.0	0.6551123660818614	0.8031555222219525	0.6950662820521009	0.7908643397698224	0.7274182289753909	0.6950662820521009	0.723282260932178	0.9213633794359244	0.7232822609321781	0.6752414896530258	0.9808742182757072	0.6425095576511906	0.7835234861293175	1.0	0.19956372107631976	0.6950662820521007	1.0	0.8233650348066124	1.0	1.0	0.5847007039224017	0.6631343971441636	0.7205953145701288	0.7663873506023277	0.9808031986516442	1.0	0.8110644919910396	0.6259934186974988	0.3770983193819853	1.0	0.6950662820521006	0.935310506939536	0.400598078367365	0.18044898509792917	0.6752414896530258	0.7232822609321778	1.0	0.6953142951481733	0.34099519531711925	0.7941689372592897	0.8117442953722801	0.9806528898506828	1.0	0.3933402665093023	0.7972728075912366	0.7249549267521889	0.7705427153461851	0.3769324207147067	0.7232822609321781	0.723282260932178
WP_Pstr_28_2017	106135	0.19743372612863555	1.0	0.7574027572017813	1.0	0.8596547758755985	0.7946816790676787	0.7946816790676786	0.7839067057468115	0.17312945868356022	0.1660502309834604	0.22427659758303334	0.22500232425824856	0.694218965415887	0.7946816790676787	1.0	0.7946816790676786	0	0.54831599589353	1.0	0.755157957696776	0.3847431686450454	0.6435577552361404	0.8218163171063354	1.0	0.8121411827265966	0.1583152705441491	0.7946816790676787	0.20471392566825328	0.6951532074751827	0.7218442878449304	0.6203636633512901	0.9213633794359244	0.6335555635816237	0.7946816790676788	0.9808742182757072	0.8000487305595413	0.20841100034249374	1.0	0.7946816790676786	0.7946816790676786	1.0	0.8487435591745995	1.0	1.0	0.5592336357027421	0.8009127969083243	0.7673559501817037	0.8861631628600695	0.980803198651644	1.0	0.17424272766396026	0.8131475013621924	0.7946816790676787	1.0	0.7946816790676785	0.935310506939536	0.8083063634951458	0.7946816790676785	0.7946816790676787	0.6404706815505905	1.0	0.8280442662900818	0.7946816790676788	0.14187169593379215	0.1789923484176499	0.9806528898506826	1.0	0.7946816790676788	0.15524839771505525	0.6928795268096947	0.05178236420479555	0.79332826016151	0.6653257921261545	0.7381631833489027
WP_Cnat_31_2017	106137	0.596284280268916	1.0	0.6935603948284709	1.0	0.859654775875598	0.7792721243619496	0.7521256409227924	0.7839067057468114	0.5854350248725059	0.5803711005926289	0.525830389705575	0.5479909876988761	0.7337954859264953	0.6631151600408534	1.0	0.7232822609321781	0.54831599589353	0	1.0	0.6631151600408535	0.27327156481025966	0.19007067848125714	0.8218163171063354	1.0	0.8121411827265965	0.5644709985563271	0.6631151600408537	0.6018392081522688	0.727418228975391	0.2657896840650625	0.2160576687197603	0.9213633794359244	0.2183344139661738	0.6631151600408536	0.9808742182757072	0.800048730559541	0.5825573844061686	1.0	0.6728502651461201	0.6631151600408536	1.0	0.8487435591745993	1.0	1.0	0.6312115037904161	0.8009127969083242	0.7214855645642311	0.8861631628600691	0.980803198651644	1.0	0.5782369513555262	0.8131475013621922	0.7710047941736891	1.0	0.6631151600408536	0.9353105069395362	0.8083063634951458	0.6841459042778695	0.7104565190649073	0.1823483232470796	1.0	0.8280442662900817	0.7826285652202886	0.5537018990945543	0.5755400857178109	0.9806528898506828	1.0	0.7685712343682883	0.5546074950969487	0.7249549267521889	0.5531894771544597	0.7933282601615099	0.20010028090643464	0.6324954377893619
ET_Cnat_33_2017	106140	1.0	0.2540606878120446	1.0	0.37694208106257837	0.4279238686410239	1.0	1.0	1.0	1.0	0.9660156619732239	1.0	0.9662867570437605	1.0	0.9234274364575565	0.21339645760537937	1.0	1.0	1.0	0	1.0	1.0	1.0	1.0	0.14739327434805488	1.0	1.0	1.0	1.0	1.0	1.0	1.0	1.0	1.0	1.0	0.38122628680088144	1.0	1.0	0.18085765041748433	1.0	0.9562489835280099	0.1453044119493715	0.5885849625338551	0.22151183686860154	0.358177437852812	0.7875603602154525	1.0	0.9308044899458391	0.6651486028394743	0.06746824952868008	0.1921250008904629	1.0	0.45219973696786175	1.0	0.27685171792522545	1.0	0.3192672532296805	0.9687799138365366	1.0	0.7559266253343743	1.0	0.20562405511148046	1.0	1.0	1.0	1.0	0.3739642804582644	0.25334257749519673	1.0	1.0	1.0	1.0	1.0	1.0	1.0
ET_Dlab_37_2017	106141	0.7815238801639973	1.0	0.6083074305939756	1.0	0.8596547758755981	0.6657066429887984	0.6270129233916558	0.691933477990558	0.7783605019173417	0.7679158997206291	0.749731571110532	0.7290103559538791	0.6942717645555929	0.28493444339400237	1.0	0.609813409992686	0.755157957696776	0.6631151600408535	1.0	0	0.6006603402787155	0.6758907495557864	0.7599804474523539	1.0	0.7052918066216816	0.7636318008510499	0.6032807803230097	0.7465596876524797	0.6878945076044881	0.6032807803230096	0.6412929191238006	0.9213633794359244	0.6957595534892569	0.24824884556315968	0.9808742182757074	0.691196096479641	0.735608685321959	1.0	0.605798292936337	0.6032807803230098	1.0	0.8487435591745994	1.0	1.0	0.5776306917029324	0.734412571428095	0.7119080121235973	0.8215148043974941	0.980803198651644	1.0	0.7715407706201367	0.7766029710193347	0.6525502765360927	1.0	0.605815197046304	0.935310506939536	0.6441040804978976	0.590697931340756	0.3877979143379877	0.6800445280485229	1.0	0.7712031219868396	0.6686296509157863	0.754645215888387	0.7722205740013772	0.9806528898506826	1.0	0.6503418371692371	0.7577490862203339	0.6854312053812861	0.7310189939752825	0.7047822058042932	0.6401840616496184	0.7013410364523431
ET_Ofra_40_2017	106147	0.4547020522295385	1.0	0.693560394828471	1.0	0.8596547758755981	0.7792721243619494	0.7521256409227924	0.7839067057468118	0.4443237113560762	0.42375852803963887	0.3854561345296683	0.39824784718764683	0.6900485408296394	0.6125186065457733	1.0	0.7232822609321778	0.3847431686450454	0.27327156481025966	1.0	0.6006603402787155	0	0.38507377946820487	0.8218163171063354	1.0	0.8121411827265966	0.4067386475481464	0.6125186065457734	0.4337070553249604	0.679433560073089	0.3999881690669817	0.35277112832280794	0.9213633794359244	0.40031097879325866	0.6125186065457733	0.9808742182757072	0.8000487305595412	0.41391365453251067	1.0	0.67285026514612	0.6125186065457734	1.0	0.8487435591745994	1.0	1.0	0.5749871980606135	0.8009127969083241	0.7214855645642309	0.8861631628600695	0.9808031986516442	1.0	0.4267233708867163	0.8131475013621922	0.7710047941736891	1.0	0.6427184783729126	0.9353105069395362	0.8083063634951458	0.6841459042778695	0.7104565190649074	0.3861404842753917	1.0	0.8280442662900818	0.7826285652202883	0.4038769929349208	0.4349528147544636	0.9806528898506829	1.0	0.7685712343682882	0.4097886408411037	0.6772158245022872	0.3972879071519901	0.7933282601615101	0.32399681574478084	0.6324954377893619
ET_Pstr_42_2017	106149	0.6716828359076932	1.0	0.693560394828471	1.0	0.8596547758755984	0.7792721243619496	0.7521256409227922	0.7839067057468116	0.6659945385918438	0.6531617984845398	0.607150659266686	0.6369975219057138	0.7337954859264956	0.6758907495557863	1.0	0.723282260932178	0.6435577552361404	0.19007067848125714	1.0	0.6758907495557864	0.38507377946820487	0	0.8218163171063354	1.0	0.8121411827265965	0.645166653380086	0.6758907495557865	0.675317573362032	0.7274182289753908	0.3339233341431018	0.2773430826493998	0.9213633794359244	0.04623476491257571	0.6758907495557864	0.9808742182757074	0.8000487305595411	0.6602388157675386	1.0	0.6758907495557863	0.6758907495557863	1.0	0.8487435591745993	1.0	1.0	0.6425010044251099	0.8009127969083244	0.721485564564231	0.8861631628600695	0.980803198651644	1.0	0.6596158412682436	0.8131475013621924	0.7710047941736892	1.0	0.6758907495557863	0.9353105069395362	0.8083063634951457	0.6841459042778694	0.7104565190649073	0.04805256866767961	1.0	0.8280442662900815	0.7826285652202883	0.6354464919943449	0.657786450367442	0.9806528898506829	1.0	0.7685712343682882	0.6393974450761024	0.7249549267521886	0.6429554293701878	0.7933282601615099	0.31192201032142625	0.6704091264759583
CH_Dlab_50_2017	106153	0.8218163171063355	1.0	0.712762483337539	1.0	0.8596547758755984	0.6981005224204132	0.6981005224204133	0.6721091913859137	0.8218163171063354	0.8218163171063355	0.8218163171063352	0.8218163171063352	0.8218163171063354	0.7599804474523539	1.0	0.6865170964272556	0.8218163171063354	0.8218163171063354	1.0	0.7599804474523539	0.8218163171063354	0.8218163171063354	0	1.0	0.3773731638957844	0.8218163171063352	0.8218163171063355	0.8218163171063355	0.8218163171063354	0.8218163171063354	0.8218163171063355	0.9213633794359244	0.8218163171063356	0.7599804474523538	0.9808742182757072	0.377419039186075	0.8218163171063354	1.0	0.7275701385312554	0.8218163171063354	1.0	0.5235562175315909	1.0	1.0	0.7025074342536286	0.07742259271264647	0.8218163171063354	0.5086972767611746	0.9808031986516442	1.0	0.8218163171063354	0.7869793420664134	0.6770930360497953	1.0	0.8218163171063355	0.9353105069395362	0.6736762651972804	0.731551978993989	0.759980447452354	0.8218163171063354	1.0	0.030495080384635536	0.6758634686802313	0.8218163171063352	0.8218163171063353	0.9806528898506828	1.0	0.6774532753784969	0.8218163171063352	0.8218163171063354	0.8218163171063352	0.6797402553506555	0.8218163171063355	0.8218163171063354
ET_Cnat_60_2017	106154	1.0	0.20941597067936404	1.0	0.35922358955329364	0.4170765003792163	1.0	1.0	1.0	1.0	0.9660156619732239	1.0	0.9662867570437605	1.0	0.9234274364575565	0.08774399693118232	1.0	1.0	1.0	0.14739327434805488	1.0	1.0	1.0	1.0	0	1.0	1.0	1.0	1.0	1.0	1.0	1.0	1.0	1.0	1.0	0.3650820970542449	1.0	1.0	0.04682407609704257	1.0	0.9562489835280099	0.015050911303838793	0.5777356731210991	0.20071569058858824	0.34130643028839097	0.7875603602154523	1.0	0.9308044899458391	0.663895509022527	0.20410521993218037	0.04948178193314753	1.0	0.4207343873426992	1.0	0.31301564965555567	1.0	0.26182146424825675	0.9687799138365366	1.0	0.7559266253343743	1.0	0.07044393167071249	1.0	1.0	1.0	1.0	0.3433625175192765	0.22140799871531167	1.0	1.0	1.0	1.0	1.0	1.0	1.0
ET_Dlab_62_2017	106156	0.8210476015349004	1.0	0.6824994396854798	1.0	0.8596547758755981	0.6521055449956901	0.65210554499569	0.6447311363671685	0.8178842232882445	0.8121411827265965	0.8121411827265965	0.7717704247700709	0.8121411827265965	0.7021331494454184	1.0	0.6551123660818614	0.8121411827265966	0.8121411827265965	1.0	0.7052918066216816	0.8121411827265966	0.8121411827265965	0.3773731638957844	1.0	0	0.8121411827265965	0.8121411827265967	0.8190803186498995	0.8121411827265966	0.8121411827265966	0.8121411827265966	0.9213633794359244	0.8121411827265966	0.742503907401944	0.9808742182757072	0.02937290295468302	0.8121411827265966	1.0	0.7123612212349133	0.8121411827265965	1.0	0.4975741316647951	1.0	1.0	0.664606530563656	0.3877523416728015	0.8121411827265965	0.40036673979383675	0.980803198651644	1.0	0.8121411827265964	0.7766029710193351	0.6287990033243857	1.0	0.8121411827265965	0.9353105069395362	0.6399249126435298	0.7163430616976467	0.7425039074019439	0.8121411827265965	1.0	0.4010543674553699	0.6298684912555081	0.8121411827265965	0.8121411827265965	0.9806528898506829	1.0	0.6314582979537737	0.8121411827265965	0.8121411827265965	0.8121411827265964	0.6542299188875038	0.8121411827265967	0.8121411827265965
CH_Ssid_51_2017	106157	0.09465480097246659	1.0	0.7658766003560553	1.0	0.8596547758755981	0.8031555222219525	0.8031555222219526	0.7839067057468115	0.07614247861677179	0.1263911167203881	0.12774104294671626	0.1608723059880759	0.7113677540874008	0.8031555222219523	1.0	0.8031555222219525	0.1583152705441491	0.5644709985563271	1.0	0.7636318008510499	0.4067386475481464	0.645166653380086	0.8218163171063352	1.0	0.8121411827265965	0	0.8031555222219525	0.21951175786635363	0.7071300302819549	0.723453185988876	0.6287145611960272	0.9213633794359244	0.6351644617255695	0.8031555222219524	0.9808742182757072	0.8031555222219527	0.21197056038252768	1.0	0.8031555222219525	0.8031555222219525	1.0	0.8487435591745994	1.0	1.0	0.5117928368712414	0.8031555222219525	0.7758297933359777	0.8861631628600695	0.980803198651644	1.0	0.1131645407202665	0.8131475013621923	0.8031555222219525	1.0	0.8031555222219525	0.9353105069395362	0.8083063634951456	0.8031555222219524	0.8031555222219525	0.6420795796945364	1.0	0.8280442662900818	0.8031555222219525	0.06375831948227428	0.11337432786100136	0.9806528898506829	1.0	0.8031555222219524	0.09746850949291952	0.7073755969343556	0.17184574784957077	0.79332826016151	0.6780882536234074	0.7577905898564838
ET_Cnat_52_2017	106159	0.8210476015349002	1.0	0.693560394828471	1.0	0.8596547758755984	0.7792721243619496	0.7521256409227928	0.7790058387873067	0.8178842232882446	0.8074396210915319	0.7892552924814347	0.8057461781050443	0.7337954859264957	0.5817436651855903	1.0	0.6950662820521009	0.7946816790676787	0.6631151600408537	1.0	0.6032807803230097	0.6125186065457734	0.6758907495557865	0.8218163171063355	1.0	0.8121411827265967	0.8031555222219525	0	0.723105394995596	0.727418228975391	0.5504814111053065	0.6412929191238008	0.9213633794359246	0.695759553489257	0.5817436651855902	0.9808742182757072	0.8000487305595413	0.7090916506414038	1.0	0.6728502651461202	0.18518976423371447	1.0	0.8777583813507668	1.0	1.0	0.7571970492657043	0.8009127969083243	0.6338676998212315	0.8861631628600695	0.980803198651644	1.0	0.8110644919910397	0.8131475013621922	0.7710047941736893	1.0	0.15945684871290713	0.9353105069395362	0.7759194982177722	0.6519839387389595	0.621459689813423	0.6800445280485231	1.0	0.8280442662900819	0.7826285652202885	0.7941689372592899	0.8117442953722802	0.9806528898506828	1.0	0.7685712343682882	0.7972728075912366	0.7249549267521889	0.7705427153461852	0.7863164512243458	0.5817436651855904	0.7013410364523434
ET_Pstr_54_2017	106161	0.2288293792443721	1.0	0.7818013967840023	1.0	0.8596547758755984	0.8190803186498997	0.8190803186498997	0.7679273963501411	0.20994586162832723	0.229590818244559	0.26711667812432244	0.26405416609110377	0.7342939853758849	0.8190803186498994	1.0	0.7908643397698224	0.20471392566825328	0.6018392081522688	1.0	0.7465596876524797	0.4337070553249604	0.675317573362032	0.8218163171063355	1.0	0.8190803186498995	0.21951175786635363	0.723105394995596	0	0.7300562615704391	0.7206071963443053	0.669769247345021	0.9213633794359246	0.6698304623256837	0.8190803186498995	0.9808742182757072	0.8190803186498995	0.07310405953088132	1.0	0.8190803186498995	0.7860834090233827	1.0	0.8487435591745996	1.0	1.0	0.5621703545289468	0.8190803186498996	0.6957796661096212	0.8861631628600695	0.980803198651644	1.0	0.19730267073536836	0.8190803186498998	0.8190803186498997	1.0	0.7231053949955959	0.9353105069395362	0.7866934533725257	0.7869183531109895	0.756102304622113	0.6722304996764822	1.0	0.8280442662900818	0.8190803186498998	0.2126245038450043	0.22988097850899822	0.9806528898506829	1.0	0.8190803186498995	0.22676862501445438	0.7303018282228395	0.21532529953859497	0.7700748326196076	0.7097588608833845	0.7752350735624619
WP_Dlab_63_2017	106165	0.7301145972707096	1.0	0.4723600377376877	1.0	0.8596547758755981	0.7792721243619496	0.7521256409227924	0.8070327334169385	0.7256358786014673	0.7089275861246987	0.6989520679434288	0.7289251237822488	0.02908065127884587	0.7274182289753909	1.0	0.7274182289753909	0.6951532074751827	0.727418228975391	1.0	0.6878945076044881	0.679433560073089	0.7274182289753908	0.8218163171063354	1.0	0.8121411827265966	0.7071300302819549	0.727418228975391	0.7300562615704391	0	0.7274182289753909	0.7274182289753911	0.9213633794359244	0.727418228975391	0.727418228975391	0.9808742182757072	0.8000487305595413	0.7220402947956576	1.0	0.7274182289753909	0.7274182289753909	1.0	0.8777583813507668	1.0	1.0	0.7092123803634021	0.8009127969083244	0.748811293450206	0.8861631628600695	0.9808031986516442	1.0	0.7191200268257217	0.8131475013621922	0.7710047941736891	1.0	0.727418228975391	0.9353105069395362	0.8083063634951458	0.7274182289753911	0.7274182289753909	0.7274182289753909	1.0	0.8280442662900818	0.7826285652202886	0.6982975072501191	0.7207507975380747	0.9806528898506829	1.0	0.7685712343682882	0.7029705412796126	0.036628060674304845	0.6926601876911758	0.8143250987080738	0.727418228975391	0.7274182289753909
WP_Pstr_66_2017	106171	0.7499693685164831	1.0	0.6935603948284708	1.0	0.8596547758755981	0.7792721243619496	0.7521256409227924	0.75587981111718	0.7442810712006336	0.7314483310933296	0.685437191875476	0.7152840545145036	0.7337954859264956	0.5902331282714146	1.0	0.6950662820521009	0.7218442878449304	0.2657896840650625	1.0	0.6032807803230096	0.3999881690669817	0.3339233341431018	0.8218163171063354	1.0	0.8121411827265966	0.723453185988876	0.5504814111053065	0.7206071963443053	0.7274182289753909	0	0.2646788942250246	0.9213633794359243	0.3721892612825352	0.5902331282714146	0.9808742182757074	0.8000487305595408	0.7019182900597954	1.0	0.67285026514612	0.5511010295049814	1.0	0.8777583813507668	1.0	1.0	0.6898556270575148	0.8009127969083243	0.7090595762840977	0.8861631628600695	0.9808031986516442	1.0	0.7379023738770333	0.8131475013621924	0.7710047941736892	1.0	0.6029667612068043	0.9353105069395362	0.7759194982177721	0.6519839387389598	0.7104565190649071	0.329288052594474	1.0	0.8280442662900818	0.7826285652202883	0.7137330246031349	0.7360729829762317	0.9806528898506828	1.0	0.7685712343682882	0.717683977684892	0.7249549267521886	0.6995960180414912	0.7653196126777818	0.17539845730388276	0.6552089298708389
WP_Pstr_68_2017	106173	0.6635782293177142	1.0	0.6935603948284709	1.0	0.8596547758755981	0.7792721243619494	0.7521256409227924	0.7839067057468115	0.6568594291904541	0.6497622034410757	0.5980670934851547	0.6176015088127806	0.7337954859264958	0.6412929191238007	1.0	0.723282260932178	0.6203636633512901	0.2160576687197603	1.0	0.6412929191238006	0.35277112832280794	0.2773430826493998	0.8218163171063355	1.0	0.8121411827265966	0.6287145611960272	0.6412929191238008	0.669769247345021	0.7274182289753911	0.2646788942250246	0	0.9213633794359243	0.3115475890040111	0.6412929191238006	0.9808742182757074	0.8000487305595414	0.6493380716537672	1.0	0.6728502651461201	0.6412929191238006	1.0	0.8777583813507669	1.0	1.0	0.6401206906718663	0.8009127969083242	0.7488112934502059	0.8861631628600695	0.9808031986516442	1.0	0.6472095805190505	0.8131475013621919	0.7710047941736892	1.0	0.6427184783729126	0.9353105069395362	0.8083063634951458	0.6841459042778697	0.7104565190649075	0.2651279546439423	1.0	0.8280442662900817	0.7826285652202885	0.6190887005620441	0.6463943108874842	0.9806528898506828	1.0	0.7685712343682882	0.6230588389004638	0.7249549267521889	0.6222541977271523	0.7933282601615101	0.1602338352838171	0.632495437789362
WP_Ssid_73_2017	106177	0.9213633794359244	1.0	0.9213633794359244	1.0	0.9213633794359246	0.9213633794359243	0.9213633794359244	0.9213633794359244	0.9213633794359244	0.9213633794359246	0.9213633794359244	0.9213633794359243	0.9213633794359244	0.9213633794359244	1.0	0.9213633794359244	0.9213633794359244	0.9213633794359244	1.0	0.9213633794359244	0.9213633794359244	0.9213633794359244	0.9213633794359244	1.0	0.9213633794359244	0.9213633794359244	0.9213633794359246	0.9213633794359246	0.9213633794359244	0.9213633794359243	0.9213633794359243	0	0.9213633794359247	0.9213633794359244	0.9808742182757072	0.9213633794359244	0.9213633794359246	1.0	0.9213633794359244	0.9213633794359244	1.0	0.9213633794359243	1.0	1.0	0.9213633794359243	0.9213633794359244	0.9213633794359244	0.9213633794359244	0.9808031986516442	1.0	0.9213633794359244	0.9213633794359243	0.9213633794359244	1.0	0.9213633794359244	0.935310506939536	0.9213633794359246	0.9213633794359244	0.9213633794359244	0.9213633794359244	1.0	0.9213633794359244	0.9213633794359244	0.9213633794359246	0.9213633794359244	0.9806528898506828	1.0	0.9213633794359244	0.9213633794359244	0.9213633794359244	0.9213633794359244	0.9213633794359245	0.9213633794359244	0.9213633794359244
ET_Pstr_42_2018	106188	0.6616806442531765	1.0	0.6957595534892568	1.0	0.8596547758755984	0.7792721243619496	0.7521256409227924	0.7839067057468115	0.6559923469373271	0.6431596068300233	0.5971484676121694	0.626995330251197	0.7337954859264956	0.6957595534892568	1.0	0.7232822609321781	0.6335555635816237	0.2183344139661738	1.0	0.6957595534892569	0.40031097879325866	0.04623476491257571	0.8218163171063356	1.0	0.8121411827265966	0.6351644617255695	0.695759553489257	0.6698304623256837	0.727418228975391	0.3721892612825352	0.3115475890040111	0.9213633794359247	0	0.6957595534892569	0.9808742182757072	0.8000487305595412	0.6539216056361487	1.0	0.6957595534892566	0.6957595534892568	1.0	0.8487435591745996	1.0	1.0	0.6338241377966142	0.8009127969083242	0.7214855645642311	0.8861631628600695	0.9808031986516439	1.0	0.6496136496137268	0.8131475013621924	0.7710047941736893	1.0	0.6957595534892568	0.9353105069395363	0.8083063634951458	0.6957595534892568	0.7104565190649071	0.08445079741587186	1.0	0.8280442662900818	0.7826285652202887	0.6254443003398282	0.6477842587129253	0.9806528898506828	1.0	0.7685712343682881	0.6293952534215855	0.7249549267521889	0.632953237715671	0.7933282601615103	0.34035253467974125	0.6690838014499372
ET_Dlab_37_2018	106192	0.8210476015349001	1.0	0.6455195313742381	1.0	0.8596547758755981	0.7029187437690607	0.6642250241719181	0.7571724734004525	0.8178842232882446	0.8074396210915319	0.7892552924814348	0.8057461781050441	0.7337954859264956	0.17592009118063892	1.0	0.6752414896530258	0.7946816790676788	0.6631151600408536	1.0	0.24824884556315968	0.6125186065457733	0.6758907495557864	0.7599804474523538	1.0	0.742503907401944	0.8031555222219524	0.5817436651855902	0.8190803186498995	0.727418228975391	0.5902331282714146	0.6412929191238006	0.9213633794359244	0.6957595534892569	0	0.9808742182757072	0.7284081972599032	0.8117394650093948	1.0	0.6430103937165995	0.5601600612960841	1.0	0.8487435591745994	1.0	1.0	0.6543665138540977	0.7344125714280952	0.7488112934502059	0.8447806231037249	0.9808031986516442	1.0	0.8110644919910395	0.8131475013621924	0.689762377316355	1.0	0.6427184783729126	0.9353105069395362	0.7137030465555334	0.6600719976599286	0.4247786423003091	0.680044528048523	1.0	0.7712031219868398	0.7058417516960488	0.7941689372592899	0.8117442953722801	0.9806528898506828	1.0	0.6875539379494994	0.7972728075912366	0.7249549267521889	0.792188659283672	0.7700029540682839	0.5630215148476141	0.7013410364523432
