74
CH_Pstr_10_2017	106106	0	1.0	0.5149201117596801	1.0	0.8250825082508251	0.5256050955414012	0.5256050955414012	0.5179229445391207	0.039140002296165564	0.08632886648449059	0.12117029065085287	0.14181429422060232	0.4811702969437907	0.5256050955414011	1.0	0.5256050955414013	0.1210087833451074	0.3873306311522871	1.0	0.5175881807321334	0.31643874701119173	0.43112529786666093	0.5778001341381623	1.0	0.6383668444809191	0.05329902940206631	0.5256050955414012	0.15014221875174977	0.4826628434326298	0.4507643312101911	0.410257785431233	0.9455782312925171	0.42319852227792243	0.5256050955414012	0.9954098360655739	0.6159561774595943	0.12657822584046904	1.0	0.5256050955414011	0.5256050955414012	1.0	0.7448979591836734	1.0	1.0	0.3314225053078556	0.5256050955414012	0.5176607062663268	0.7633564414897107	0.993484610199955	1.0	0.03366681602395767	0.5590361445783133	0.5256050955414012	1.0	0.5256050955414012	0.9597069597069596	0.5256050955414013	0.5256050955414012	0.5256050955414011	0.43018128491933993	1.0	0.584490472245236	0.5256050955414012	0.07870992863264421	0.03828235146874866	0.9951636203756047	1.0	0.5256050955414012	0.07235094224026689	0.4814279495599907	0.1268704041034946	0.5188800794705908	0.42369426751592354	0.49906822395852357
CH_Cnat_12_2017	106108	1.0	0	1.0	0.28856934269619133	0.41653499026259716	1.0	1.0	1.0	1.0	0.9849325931800158	1.0	0.9858356940509915	1.0	0.9805194805194806	0.1709555371905208	1.0	1.0	1.0	0.14340936185811257	1.0	1.0	1.0	1.0	0.12403189178782349	1.0	1.0	1.0	1.0	1.0	1.0	1.0	1.0	1.0	1.0	0.3120372096423416	1.0	1.0	0.1093322012575191	1.0	0.9940968122786306	0.12412168164329346	0.6326530612244897	0.06449817382753327	0.2767029015424978	0.8861788617886179	1.0	0.9821251241310825	0.6954315830909527	0.16797662989154283	0.12911917027155928	1.0	0.5998370292765264	1.0	0.2811964921136685	1.0	0.18971663787717302	0.9858872412063902	1.0	0.9095022624434389	1.0	0.11706507360987596	1.0	1.0	1.0	1.0	0.23907571224896165	0.07396383148556739	1.0	1.0	1.0	1.0	1.0	1.0	1.0
CH_Dlab_79_2017	106109	0.5149201117596801	1.0	0	1.0	0.8250825082508252	0.35161314192743715	0.319406001124148	0.32441281612658074	0.5149332532607329	0.5055719551556301	0.45483225759758933	0.49639716919278315	0.2775118775507097	0.25173581427158986	1.0	0.18267851080278022	0.48087316619582726	0.3999999999999999	1.0	0.3107138740645559	0.27800038160656365	0.3551544814928112	0.5414580595574977	1.0	0.5908512527523393	0.5007944514546203	0.2780003816065636	0.5321993117754183	0.266546782374963	0.37056322552906895	0.35818985574685897	0.9455782312925171	0.3895888790298727	0.30999640223514807	0.9954098360655736	0.569087645515443	0.5199110427083452	1.0	0.18518390129353893	0.27800038160656365	1.0	0.7448979591836734	1.0	1.0	0.36275194177242287	0.4828826518024691	0.3286991062562066	0.7226569606726717	0.993484610199955	1.0	0.5032509022378693	0.4973299034719302	0.32993138234796915	1.0	0.2821876186859096	0.9597069597069596	0.34188169351793307	0.19423654131229756	0.3736580097231971	0.36612618667562796	1.0	0.5494889902396296	0.33905344147869165	0.48549421909511437	0.5022290241186131	0.9951636203756047	1.0	0.33215151836839696	0.4852033790391112	0.266949794117104	0.47564866372063525	0.33339621265250796	0.31493506493506496	0.500600080010668
CH_Cnat_05_2017	106112	1.0	0.28856934269619133	1.0	0	0.22918897936085533	1.0	1.0	1.0	1.0	0.984932593180016	1.0	0.9858356940509915	1.0	0.9805194805194806	0.3897181839196728	1.0	1.0	1.0	0.3349720106784765	1.0	1.0	1.0	1.0	0.33603428530306506	1.0	1.0	1.0	1.0	1.0	1.0	1.0	1.0	1.0	1.0	0.07032783013388884	1.0	1.0	0.3272324034169696	1.0	0.9940968122786306	0.3184261891317806	0.6618546332089756	0.2606005688590863	0.02540509458645912	0.8861788617886179	1.0	0.9821251241310823	0.6690795372537012	0.3533313516082909	0.3167660944911694	1.0	0.6826560374706193	1.0	0.1414561212326714	1.0	0.33184875272735453	0.9858872412063902	1.0	0.9004524886877827	1.0	0.29326117339764457	1.0	1.0	1.0	1.0	0.14027415328940068	0.23390184519805007	1.0	1.0	1.0	1.0	1.0	1.0	1.0
CH_Mcav_06_2017	106113	0.8250825082508251	0.41653499026259716	0.8250825082508252	0.22918897936085533	0	0.8250825082508251	0.8250825082508251	0.8250825082508251	0.8250825082508251	0.810015101430841	0.8250825082508251	0.8109182023018167	0.8250825082508251	0.8056019887703054	0.46459538716578536	0.8250825082508249	0.8250825082508251	0.8250825082508251	0.41499367044257507	0.8250825082508252	0.8250825082508251	0.8250825082508252	0.8250825082508252	0.4103893287683729	0.8250825082508251	0.8250825082508251	0.8250825082508251	0.8250825082508251	0.8250825082508251	0.8250825082508251	0.8250825082508251	0.9455782312925168	0.8250825082508252	0.8250825082508251	0.2266953416653141	0.8250825082508251	0.8250825082508251	0.4013329534109343	0.8250825082508251	0.8191793205294554	0.3928578644396247	0.5040748972856469	0.4009208391425396	0.23027173239550972	0.7112613700394429	0.8250825082508252	0.8072076323819075	0.5171319152603256	0.4263060994933464	0.39221797698442046	0.8250825082508249	0.5333015229233768	0.8250825082508251	0.28393962991804794	0.8250825082508251	0.35462227541435454	0.8109697494572151	0.8250825082508251	0.7345847706942639	0.8250825082508251	0.3823078653504981	0.8250825082508251	0.8250825082508251	0.8250825082508251	0.8250825082508252	0.30256756597084244	0.3804224273067049	0.8250825082508251	0.8250825082508251	0.8250825082508251	0.825082508250825	0.825082508250825	0.8250825082508249	0.8250825082508251
CH_Pstr_82_2017	106115	0.5256050955414012	1.0	0.35161314192743715	1.0	0.8250825082508251	0	0.06139651716645335	0.23322208969640396	0.525618237042454	0.5162569389373513	0.5018707263578893	0.5070821529745041	0.5018707263578894	0.42278499464668984	1.0	0.2876980283628404	0.5018707263578893	0.5018707263578894	1.0	0.4351589449556239	0.5018707263578893	0.5018707263578893	0.5010898725687457	1.0	0.5463274517849813	0.5114794352363412	0.5018707263578893	0.5428842955571395	0.5018707263578893	0.5018707263578893	0.5018707263578893	0.945578231292517	0.5018707263578892	0.44226551412720944	0.9954098360655739	0.5236468163575225	0.5305960264900662	1.0	0.3700634853529368	0.5018707263578893	1.0	0.7448979591836732	1.0	1.0	0.4124398320489462	0.4426283912718825	0.5018707263578893	0.7060380081789752	0.9934846101999552	1.0	0.5139358860195903	0.4584213774204028	0.05361763220164636	1.0	0.5018707263578893	0.9597069597069597	0.24237654204686604	0.37600890916592133	0.4422655141272094	0.5018707263578892	1.0	0.5136039768019883	0.03594036603768895	0.5018707263578893	0.5129140079003343	0.9951636203756047	1.0	0.058402301114741484	0.5018707263578893	0.5018707263578893	0.5018707263578893	0.23260866471088365	0.5018707263578893	0.5018707263578893
CH_Dlab_13_2017	106117	0.5256050955414012	1.0	0.319406001124148	1.0	0.8250825082508251	0.06139651716645335	0	0.19979358192778926	0.525618237042454	0.5162569389373514	0.4696635855546002	0.5070821529745042	0.4696635855546002	0.3834913205882681	1.0	0.2597833129473314	0.49155814997754826	0.4696635855546002	1.0	0.39586527089720214	0.4696635855546002	0.4696635855546002	0.5010898725687458	1.0	0.5463274517849815	0.5114794352363413	0.4696635855546001	0.5428842955571395	0.4696635855546002	0.4696635855546002	0.4696635855546001	0.9455782312925171	0.4696635855546002	0.40297184006878756	0.9954098360655739	0.5236468163575225	0.5305960264900662	1.0	0.33469295221339673	0.4696635855546003	1.0	0.7448979591836734	1.0	1.0	0.38023269124565706	0.44262839127188264	0.4696635855546001	0.7060380081789752	0.993484610199955	1.0	0.5139358860195903	0.4522188280205949	0.03647013321966574	1.0	0.4696635855546003	0.9597069597069596	0.20894803427825145	0.3406383760263812	0.40297184006878767	0.4696635855546002	1.0	0.5136039768019884	0.05649747960552419	0.4961792028768355	0.512914007900334	0.9951636203756047	1.0	0.03515540218062869	0.4958883628208323	0.4696635855546001	0.4863336475023564	0.20363020437980656	0.4696635855546002	0.500600080010668
WP_Dlab_23_2017	106119	0.5179229445391207	1.0	0.32441281612658074	1.0	0.8250825082508251	0.23322208969640396	0.19979358192778926	0	0.5179360860401735	0.5085747879350708	0.45783509037702985	0.49940000197222373	0.46513023646621077	0.4099397181860273	1.0	0.2291689560400857	0.4838759989752678	0.45744808546392995	1.0	0.4153245632766251	0.45744808546393007	0.4574480854639301	0.4955208232953116	1.0	0.5431640022111405	0.5037972842340608	0.4538470771816108	0.5239189852702593	0.46513023646621066	0.45152442425913397	0.4574480854639299	0.9455782312925171	0.45744808546393007	0.4294202376665468	0.9954098360655736	0.5214003949742441	0.511630716203186	1.0	0.31012192752644613	0.4604076862891151	1.0	0.7241921615603392	1.0	1.0	0.37032125092586904	0.43964327600710196	0.453847077181611	0.6853322105556409	0.9934846101999552	1.0	0.50625373501731	0.44841143471979383	0.22309995046098433	1.0	0.45384707718161105	0.9597069597069597	0.15672724920037562	0.3088281181114483	0.4294202376665469	0.45744808546393007	1.0	0.5025900030799015	0.2103493509378165	0.48849705187455494	0.5052318568980538	0.9951636203756045	1.0	0.22278609185042128	0.48820621181855184	0.4651302364662105	0.4730784112236753	0.037672675629995274	0.4574480854639301	0.5006000800106682
WP_Pstr_16_2017	106123	0.039140002296165564	1.0	0.5149332532607329	1.0	0.8250825082508251	0.525618237042454	0.525618237042454	0.5179360860401735	0	0.058484534586743665	0.09683362105479444	0.11413136842151037	0.48048442943235925	0.5256182370424539	1.0	0.5256182370424539	0.11597447220661553	0.3849498390498793	1.0	0.517601322233186	0.3140579549087838	0.42849277034109373	0.5778001341381622	1.0	0.6383668444809193	0.040787699655103066	0.525618237042454	0.14150100001775176	0.4826759849336827	0.448131803684624	0.4078769933288251	0.9455782312925171	0.42056599475235545	0.525618237042454	0.9954098360655736	0.6159561774595944	0.1216184987506407	1.0	0.5256182370424539	0.5256182370424539	1.0	0.7448979591836735	1.0	1.0	0.3393729639956149	0.5256182370424539	0.5176738477673795	0.7633564414897108	0.993484610199955	1.0	0.05467514698103014	0.5590361445783134	0.525618237042454	1.0	0.5256182370424539	0.9597069597069596	0.525618237042454	0.5256182370424541	0.5256182370424539	0.42754875739377296	1.0	0.5844904722452361	0.525618237042454	0.055472158532351226	0.05695796388451014	0.9951636203756045	1.0	0.5256182370424539	0.043130887754439455	0.4814410910610433	0.10937302881579035	0.5188932209716434	0.4213134754135156	0.49908136545957615
WP_Ofra_17_2017	106124	0.08632886648449059	0.9849325931800158	0.5055719551556301	0.984932593180016	0.810015101430841	0.5162569389373513	0.5162569389373514	0.5085747879350708	0.058484534586743665	0	0.10969559827540627	0.11473874100549725	0.4694680969003743	0.5011895321173672	0.9849325931800158	0.5162569389373514	0.11441012845380052	0.3847307331843414	0.9849325931800158	0.5082400241280834	0.3138388490432459	0.4212808714939005	0.5778001341381626	0.9849325931800158	0.6383668444809192	0.0684719059954009	0.5162569389373514	0.1584705105878438	0.47331468682858	0.44091990483743054	0.40765788746328724	0.9455782312925171	0.41335409590516203	0.5162569389373514	0.9803424292455897	0.6159561774595943	0.13266943611451013	0.9849325931800158	0.5162569389373514	0.5103537512159817	0.9849325931800158	0.7298305523636892	0.9849325931800158	0.9849325931800158	0.31867533187623703	0.5211150750850413	0.49838206306843374	0.7482890346697264	0.9784172033799708	0.9849325931800158	0.08190283475142701	0.5439687377583292	0.5162569389373514	0.9849325931800158	0.5162569389373515	0.9446395528869757	0.5021441801437415	0.5162569389373515	0.501189532117367	0.42033685854657954	0.9849325931800158	0.5844904722452361	0.5162569389373514	0.07088505181968355	0.08022416007642824	0.9800962135556205	0.9849325931800158	0.5162569389373511	0.05579495505586226	0.47207979295594066	0.10924291591532517	0.5095319228665407	0.42109436954797785	0.4964314036478985
WP_Ofav_18_2017	106125	0.12117029065085287	1.0	0.45483225759758933	1.0	0.8250825082508251	0.5018707263578893	0.4696635855546002	0.45783509037702985	0.09683362105479444	0.10969559827540627	0	0.139823678812152	0.4268555594081001	0.46551724137931044	1.0	0.46551724137931044	0.14222150824004254	0.3300156739811913	1.0	0.45750032657004247	0.26652525472279637	0.36829200113922844	0.5778001341381626	1.0	0.6383668444809193	0.10458394191486202	0.46551724137931033	0.1923925332415759	0.4240280430480212	0.3879310344827586	0.3529428282601371	0.9455782312925171	0.3603652255504901	0.46551724137931044	0.9954098360655739	0.6159561774595943	0.16804483519829486	1.0	0.4655172413793104	0.46551724137931033	1.0	0.7448979591836733	1.0	1.0	0.2877768432856743	0.5211150750850413	0.45757285210423587	0.7633564414897106	0.9934846101999552	1.0	0.11720069395400247	0.5590361445783133	0.4801889667784214	1.0	0.4655172413793105	0.9597069597069597	0.46794182964395725	0.4655172413793106	0.46551724137931044	0.36734798819190756	1.0	0.5844904722452362	0.48931102590914377	0.08593133759760807	0.11552361543324352	0.9951636203756047	1.0	0.48240910279884913	0.07283032729834929	0.424610678531702	0.12793838707413493	0.46738861692132705	0.3663793103448275	0.47904835587273703
WP_Mcav_19_2017	106126	0.14181429422060232	0.9858356940509915	0.49639716919278315	0.9858356940509915	0.8109182023018167	0.5070821529745041	0.5070821529745042	0.49940000197222373	0.11413136842151037	0.11473874100549725	0.139823678812152	0	0.4956379175208284	0.49610021706338986	0.9858356940509915	0.5070821529745041	0.16572123475603942	0.36023693020860165	0.9858356940509915	0.5146215585120645	0.29436734256172875	0.40812300631652654	0.5778001341381622	0.9858356940509915	0.6216659827656954	0.11884800456318464	0.5297450424929178	0.1750060742628268	0.49291784702549574	0.4277620396600566	0.38316408448754746	0.945578231292517	0.40019623072778815	0.5297450424929179	0.9812455301165653	0.5999023755287993	0.15285743766767346	0.9858356940509915	0.5070821529745041	0.5238418547715482	0.9858356940509915	0.7307336532346649	0.9858356940509915	0.9858356940509915	0.3423961860015201	0.5297450424929181	0.5118701666240003	0.7393073847370192	0.9793203042509465	0.9858356940509915	0.14930565891140438	0.5280043687497867	0.5070821529745042	0.9858356940509915	0.529745042492918	0.9455426537579513	0.4929693941808944	0.5070821529745042	0.5155807365439092	0.40717899336920566	0.9858356940509915	0.584490472245236	0.5070821529745042	0.11721334577290761	0.13313586801673033	0.980999314426596	0.9858356940509915	0.5070821529745042	0.11691817457286484	0.49339303664443024	0.15093590754584926	0.5003571369036935	0.39660056657223813	0.5032081709100402
WP_Dlab_20_2017	106127	0.4811702969437907	1.0	0.2775118775507097	1.0	0.8250825082508251	0.5018707263578894	0.4696635855546002	0.46513023646621077	0.48048442943235925	0.4694680969003743	0.4268555594081001	0.4956379175208284	0	0.36644502108336036	1.0	0.36644502108336036	0.44476930794057135	0.4	1.0	0.3584281062740925	0.3493350632500811	0.3664450210833604	0.5778001341381622	1.0	0.6383668444809191	0.46527187150987603	0.36644502108336047	0.5022533113518002	0.02846450717510025	0.370563225529069	0.36644502108336036	0.9455782312925171	0.38958887902987277	0.36644502108336036	0.9954098360655736	0.6159561774595943	0.49043971104089285	1.0	0.3664450210833604	0.36644502108336036	1.0	0.758503401360544	1.0	1.0	0.4015892291585906	0.5211150750850412	0.3664450210833605	0.7633564414897106	0.9934846101999548	1.0	0.470512482059864	0.5590361445783134	0.4801889667784212	1.0	0.36644502108336036	0.9597069597069596	0.46794182964395714	0.36644502108336036	0.3914027149321267	0.36644502108336036	1.0	0.5844904722452361	0.4893110259091439	0.4517992420468524	0.47038117961227927	0.9951636203756045	1.0	0.48240910279884913	0.45246392704087973	0.02508390515937148	0.43954480546537944	0.47411363299213755	0.36644502108336036	0.500600080010668
WP_Mcav_25_2017	106129	0.5256050955414011	0.9805194805194806	0.25173581427158986	0.9805194805194806	0.8056019887703054	0.42278499464668984	0.3834913205882681	0.4099397181860273	0.5256182370424539	0.5011895321173672	0.46551724137931044	0.49610021706338986	0.36644502108336036	0	0.9805194805194806	0.2905351299717497	0.49155814997754826	0.4	0.9805194805194806	0.08103477733906769	0.288961038961039	0.35515448149281126	0.5269533869885982	0.9805194805194806	0.5719737382027082	0.5114794352363413	0.2889610389610389	0.5428842955571396	0.3566330442989441	0.37056322552906895	0.3581898557468589	0.9455782312925171	0.3895888790298728	0.0777411074440777	0.9759293165850542	0.5506020175724048	0.5305960264900663	0.9805194805194806	0.2634506531389287	0.28305785123966937	0.9805194805194806	0.725417439703154	0.9805194805194806	0.9805194805194806	0.33011297645443977	0.46768439392682337	0.3187686196623635	0.7027186188841229	0.9740040907194354	0.9805194805194806	0.5139358860195905	0.5226881552182756	0.39528124014561083	0.9805194805194806	0.288961038961039	0.9402264402264403	0.36815469794193184	0.26530680857603933	0.1411529646823764	0.366126186675628	0.9805194805194806	0.5390886495443249	0.4061033076369431	0.4961792028768355	0.5129140079003343	0.9756831008950853	0.9805194805194806	0.3994967235223578	0.4958883628208323	0.35753599416803356	0.48633364750235625	0.4246672330784479	0.31493506493506496	0.500600080010668
ET_Cnat_35_2017	106131	1.0	0.1709555371905208	1.0	0.3897181839196728	0.46459538716578536	1.0	1.0	1.0	1.0	0.9849325931800158	1.0	0.9858356940509915	1.0	0.9805194805194806	0	1.0	1.0	1.0	0.1711186643683915	1.0	1.0	1.0	1.0	0.07054312149588496	1.0	1.0	1.0	1.0	1.0	1.0	1.0	1.0	1.0	1.0	0.4215072141743636	1.0	1.0	0.07960288911922833	1.0	0.9940968122786303	0.08794588125430533	0.6243929948828028	0.2138554945294742	0.38591575546220747	0.8861788617886179	1.0	0.9821251241310823	0.6977751803312789	0.1793651152328203	0.0880132568412761	1.0	0.5819909940417828	1.0	0.38095938263588036	1.0	0.19331662363686655	0.98588724120639	1.0	0.909502262443439	1.0	0.10623649321316743	1.0	1.0	1.0	1.0	0.3485457167809837	0.22211980872320647	1.0	1.0	1.0	1.0	1.0	1.0	1.0
ET_Dlab_36_2017	106132	0.5256050955414013	1.0	0.18267851080278022	1.0	0.8250825082508249	0.2876980283628404	0.2597833129473314	0.2291689560400857	0.5256182370424539	0.5162569389373514	0.46551724137931044	0.5070821529745041	0.36644502108336036	0.2905351299717497	1.0	0	0.49155814997754815	0.4	1.0	0.30130677958647456	0.3302034428794992	0.3551544814928112	0.5261150234741784	1.0	0.5794907089002808	0.5114794352363412	0.32323943661971827	0.5359202892973586	0.35663304429894416	0.36463956432427275	0.3581898557468591	0.9455782312925171	0.3895888790298727	0.3100156494522691	0.9954098360655736	0.5577271016633846	0.5236320202302853	1.0	0.10739990710756572	0.32548089270240355	1.0	0.7392641563667718	1.0	1.0	0.34963739074010464	0.470237476185969	0.3232394366197183	0.7114889642562292	0.993484610199955	1.0	0.5139358860195903	0.4457831325301204	0.2759425801992695	1.0	0.3232394366197183	0.9597069597069597	0.24755698025101677	0.10234399493608592	0.37121492150489677	0.36612618667562796	1.0	0.5331842032587683	0.2642677021814869	0.4961792028768355	0.5129140079003341	0.9951636203756047	1.0	0.2804177580962276	0.4958883628208323	0.35753599416803356	0.4807605622259558	0.23980435050594334	0.3302034428794992	0.500600080010668
WP_Pstr_28_2017	106135	0.1210087833451074	1.0	0.48087316619582726	1.0	0.8250825082508251	0.5018707263578893	0.49155814997754826	0.4838759989752678	0.11597447220661553	0.11441012845380052	0.14222150824004254	0.16572123475603942	0.44476930794057135	0.49155814997754826	1.0	0.49155814997754815	0	0.3548434502183941	1.0	0.4835412351682804	0.29192403524850596	0.4079316896021368	0.5778001341381622	1.0	0.6383668444809191	0.11036858231781407	0.4915581499775483	0.1357758829919806	0.4486158978687769	0.4275707229456669	0.37560707426914874	0.9455782312925171	0.4000049140133982	0.49155814997754826	0.9954098360655739	0.6159561774595943	0.1295190572058154	1.0	0.49155814997754843	0.49155814997754826	1.0	0.7448979591836734	1.0	1.0	0.3399147929512523	0.5211150750850413	0.48361376070247397	0.7633564414897107	0.993484610199955	1.0	0.10385749889740616	0.5590361445783132	0.4915581499775483	1.0	0.4915581499775483	0.9597069597069596	0.49155814997754815	0.49155814997754843	0.49155814997754826	0.40698767665481583	1.0	0.584490472245236	0.49155814997754826	0.09843020230508	0.10633483043361962	0.9951636203756047	1.0	0.4915581499775483	0.10607310032247012	0.44738100399613784	0.04193720357355932	0.48483313390673766	0.3890435563538393	0.4740632084277903
WP_Cnat_31_2017	106137	0.3873306311522871	1.0	0.3999999999999999	1.0	0.8250825082508251	0.5018707263578894	0.4696635855546002	0.45744808546392995	0.3849498390498793	0.3847307331843414	0.3300156739811913	0.36023693020860165	0.4	0.4	1.0	0.4	0.3548434502183941	0	1.0	0.3999999999999999	0.2201892744479495	0.10514057676798574	0.5778001341381624	1.0	0.6383668444809191	0.3690793757092099	0.39999999999999997	0.4198017235793429	0.3999999999999999	0.10122533798308887	0.11609416641989935	0.9455782312925171	0.10537898954048024	0.39999999999999997	0.9954098360655739	0.6159561774595943	0.3954244431065622	1.0	0.4	0.4	1.0	0.7448979591836734	1.0	1.0	0.3558019216555801	0.5211150750850412	0.39205561072492545	0.7633564414897107	0.993484610199955	1.0	0.3758803529507002	0.5590361445783133	0.4801889667784213	1.0	0.39999999999999997	0.9597069597069597	0.46794182964395714	0.3999999999999999	0.39999999999999986	0.09241902347001901	1.0	0.5844904722452362	0.4893110259091437	0.36114909962677405	0.3687817095292027	0.9951636203756045	1.0	0.4824091027988492	0.3561108216478263	0.4	0.3594483539654215	0.46738861692132716	0.11931818181818185	0.47406320842779043
ET_Cnat_33_2017	106140	1.0	0.14340936185811257	1.0	0.3349720106784765	0.41499367044257507	1.0	1.0	1.0	1.0	0.9849325931800158	1.0	0.9858356940509915	1.0	0.9805194805194806	0.1711186643683915	1.0	1.0	1.0	0	1.0	1.0	1.0	1.0	0.12005015933578866	1.0	1.0	1.0	1.0	1.0	1.0	1.0	1.0	1.0	1.0	0.3608014413447986	1.0	1.0	0.11795195553138642	1.0	0.9940968122786303	0.1217035891976004	0.630342077659466	0.13928022834861772	0.32789074263216783	0.8861788617886177	1.0	0.9821251241310825	0.6986175411053255	0.05815862409593949	0.14620799812309548	1.0	0.5824107079204391	1.0	0.2935496349440522	1.0	0.2133160956690369	0.9858872412063902	1.0	0.9095022624434389	1.0	0.1499834067397461	1.0	1.0	1.0	1.0	0.2972631187625343	0.14940593988765777	1.0	1.0	1.0	1.0	1.0	1.0	1.0
ET_Dlab_37_2017	106141	0.5175881807321334	1.0	0.3107138740645559	1.0	0.8250825082508252	0.4351589449556239	0.39586527089720214	0.4153245632766251	0.517601322233186	0.5082400241280834	0.45750032657004247	0.5146215585120645	0.3584281062740925	0.08103477733906769	1.0	0.30130677958647456	0.4835412351682804	0.3999999999999999	1.0	0	0.327548233635803	0.3551544814928113	0.5269533869885983	1.0	0.5815680307463467	0.5034625204270733	0.3285760432267348	0.5278782755295355	0.34861612948967624	0.3646395643242727	0.35818985574685897	0.9455782312925171	0.3895888790298727	0.05400405250638711	0.9954098360655736	0.5595492503316145	0.515590006462462	1.0	0.3224287129318947	0.33084259826797524	1.0	0.7448979591836733	1.0	1.0	0.35073017455573197	0.46768439392682337	0.3285760432267348	0.7249773199967396	0.993484610199955	1.0	0.5059189712103225	0.5519295754067277	0.40765519045454485	1.0	0.3285760432267349	0.9597069597069597	0.38765230182613974	0.31729576315066915	0.14571556210022896	0.366126186675628	1.0	0.5390886495443246	0.4184772579458772	0.48816228806756745	0.5048970930910663	0.9951636203756045	1.0	0.4118706738312919	0.48787144801156435	0.34951907935876564	0.47274364741668795	0.4300520781690459	0.3355651484450708	0.500600080010668
ET_Ofra_40_2017	106147	0.31643874701119173	1.0	0.27800038160656365	1.0	0.8250825082508251	0.5018707263578893	0.4696635855546002	0.45744808546393007	0.3140579549087838	0.3138388490432459	0.26652525472279637	0.29436734256172875	0.3493350632500811	0.288961038961039	1.0	0.3302034428794992	0.29192403524850596	0.2201892744479495	1.0	0.327548233635803	0	0.2104798638968689	0.5778001341381624	1.0	0.6383668444809191	0.29818749156811447	0.2618296529968454	0.3489098394382475	0.3366955701055861	0.2443802602293844	0.20361572325474545	0.9455782312925171	0.24392574201536327	0.3277411074440777	0.9954098360655736	0.6159561774595943	0.3245325589654668	1.0	0.27521877312899995	0.2618296529968455	1.0	0.7458851048305756	1.0	1.0	0.3392834243799851	0.5211150750850412	0.32075471698113217	0.7633564414897107	0.993484610199955	1.0	0.30540406920399676	0.5590361445783133	0.4801889667784214	1.0	0.28218761868590964	0.9597069597069597	0.46794182964395714	0.28154057480980554	0.3914027149321268	0.2193601750850924	1.0	0.584490472245236	0.4893110259091437	0.2902572154856787	0.2985678367634893	0.9951636203756045	1.0	0.48240910279884913	0.2852189375067309	0.3381811554583561	0.2908172716520995	0.46738861692132705	0.16036093244295133	0.4740632084277903
ET_Pstr_42_2017	106149	0.43112529786666093	1.0	0.3551544814928112	1.0	0.8250825082508252	0.5018707263578893	0.4696635855546002	0.4574480854639301	0.42849277034109373	0.4212808714939005	0.36829200113922844	0.40812300631652654	0.3664450210833604	0.35515448149281126	1.0	0.3551544814928112	0.4079316896021368	0.10514057676798574	1.0	0.3551544814928113	0.2104798638968689	0	0.5778001341381623	1.0	0.6383668444809192	0.4117503671066438	0.35515448149281137	0.4633735587210931	0.3566330442989441	0.1221556482475509	0.11357005349831555	0.9455782312925171	0.04735000414838684	0.35515448149281126	0.9954098360655736	0.6159561774595943	0.43996361566309233	1.0	0.35515448149281137	0.35515448149281126	1.0	0.7448979591836732	1.0	1.0	0.3602180622601576	0.5211150750850414	0.34721009221773685	0.7633564414897106	0.993484610199955	1.0	0.42141172355762746	0.5590361445783133	0.4801889667784213	1.0	0.35515448149281126	0.9597069597069596	0.46794182964395714	0.35515448149281126	0.3914027149321267	0.026175149296828255	1.0	0.584490472245236	0.48931102590914377	0.3995998039354629	0.41457549111712017	0.9951636203756045	1.0	0.482409102798849	0.39855184629763607	0.3575359941680336	0.4068249260057303	0.4673886169213269	0.12694770432993135	0.4947267242443787
CH_Dlab_50_2017	106153	0.5778001341381623	1.0	0.5414580595574977	1.0	0.8250825082508252	0.5010898725687457	0.5010898725687458	0.4955208232953116	0.5778001341381622	0.5778001341381626	0.5778001341381626	0.5778001341381622	0.5778001341381622	0.5269533869885982	1.0	0.5261150234741784	0.5778001341381622	0.5778001341381624	1.0	0.5269533869885983	0.5778001341381624	0.5778001341381623	0	1.0	0.2830736711336271	0.5778001341381621	0.5778001341381621	0.5778001341381624	0.5778001341381622	0.5778001341381621	0.5778001341381623	0.9455782312925171	0.5778001341381623	0.5269533869885983	0.9954098360655739	0.26250336109290523	0.5778001341381623	1.0	0.5497107461551346	0.5778001341381623	1.0	0.48349621538756365	1.0	1.0	0.5194162945150579	0.07977817609492792	0.5778001341381621	0.4542152894404062	0.9934846101999552	1.0	0.5778001341381623	0.56166163648558	0.4957053353341627	1.0	0.5778001341381624	0.9597069597069596	0.4944826473707204	0.5504084665785641	0.5269533869885983	0.5778001341381622	1.0	0.025021797451374898	0.4957453855233176	0.5778001341381624	0.5778001341381623	0.9951636203756045	1.0	0.4969700713655023	0.5778001341381624	0.5778001341381622	0.5778001341381623	0.5023396261960824	0.5778001341381623	0.5778001341381622
ET_Cnat_60_2017	106154	1.0	0.12403189178782349	1.0	0.33603428530306506	0.4103893287683729	1.0	1.0	1.0	1.0	0.9849325931800158	1.0	0.9858356940509915	1.0	0.9805194805194806	0.07054312149588496	1.0	1.0	1.0	0.12005015933578866	1.0	1.0	1.0	1.0	0	1.0	1.0	1.0	1.0	1.0	1.0	1.0	1.0	1.0	1.0	0.36782331555775577	1.0	1.0	0.024672607429865993	1.0	0.9940968122786306	0.02606488695975014	0.6242124231621347	0.1572653249624949	0.3322318568455998	0.8861788617886177	1.0	0.9821251241310823	0.698949607155103	0.13220293412288991	0.040152710778344196	1.0	0.5780619898669404	1.0	0.32229912809327477	1.0	0.16623461283116842	0.98588724120639	1.0	0.9095022624434389	1.0	0.06308806832807469	1.0	1.0	1.0	1.0	0.29486181816437596	0.17232136261436698	1.0	1.0	1.0	1.0	1.0	1.0	1.0
ET_Dlab_62_2017	106156	0.6383668444809191	1.0	0.5908512527523393	1.0	0.8250825082508251	0.5463274517849813	0.5463274517849815	0.5431640022111405	0.6383668444809193	0.6383668444809192	0.6383668444809193	0.6216659827656954	0.6383668444809191	0.5719737382027082	1.0	0.5794907089002808	0.6383668444809191	0.6383668444809191	1.0	0.5815680307463467	0.6383668444809191	0.6383668444809192	0.2830736711336271	1.0	0	0.6383668444809192	0.6383668444809191	0.6383668444809192	0.6383668444809188	0.6383668444809191	0.638366844480919	0.9455782312925171	0.6383668444809192	0.5886745999179318	0.9954098360655739	0.030732902820676464	0.6383668444809193	1.0	0.6097150924352501	0.6383668444809191	1.0	0.4251700680272108	1.0	1.0	0.565196112773602	0.3281340302461829	0.6383668444809191	0.33092046274629866	0.9934846101999552	1.0	0.6383668444809192	0.6216659827656956	0.5409429145503984	1.0	0.6383668444809192	0.9597069597069596	0.5385657240003795	0.6104128128586795	0.5886745999179319	0.6383668444809192	1.0	0.29374551880546357	0.5409829647395534	0.638366844480919	0.6383668444809192	0.9951636203756047	1.0	0.542207650581738	0.6383668444809192	0.6383668444809192	0.6383668444809188	0.5482347411101547	0.6383668444809193	0.6383668444809191
CH_Ssid_51_2017	106157	0.05329902940206631	1.0	0.5007944514546203	1.0	0.8250825082508251	0.5114794352363412	0.5114794352363413	0.5037972842340608	0.040787699655103066	0.0684719059954009	0.10458394191486202	0.11884800456318464	0.46527187150987603	0.5114794352363413	1.0	0.5114794352363412	0.11036858231781407	0.3690793757092099	1.0	0.5034625204270733	0.29818749156811447	0.4117503671066438	0.5778001341381621	1.0	0.6383668444809192	0	0.5114794352363412	0.1526337566858471	0.46853718312757	0.4313894004501739	0.3920065299881558	0.9455782312925171	0.4038235915179053	0.5114794352363413	0.9954098360655736	0.6159561774595943	0.1273905495997626	1.0	0.5114794352363412	0.5114794352363413	1.0	0.7448979591836732	1.0	1.0	0.32070800081849804	0.5211150750850412	0.5035350459612667	0.7633564414897105	0.9934846101999548	1.0	0.06328095091544414	0.5590361445783132	0.5114794352363412	1.0	0.5114794352363414	0.9597069597069596	0.5114794352363412	0.5114794352363412	0.5114794352363411	0.41080635415932293	1.0	0.5844904722452358	0.5114794352363412	0.04733631863145753	0.06244017251133595	0.9951636203756047	1.0	0.5114794352363412	0.05658375167140189	0.4673022892549307	0.10592698766243225	0.5047544191655307	0.4054430120728463	0.48553304685901366
ET_Cnat_52_2017	106159	0.5256050955414012	1.0	0.2780003816065636	1.0	0.8250825082508251	0.5018707263578893	0.4696635855546001	0.4538470771816108	0.525618237042454	0.5162569389373514	0.46551724137931033	0.5297450424929178	0.36644502108336047	0.2889610389610389	1.0	0.32323943661971827	0.4915581499775483	0.39999999999999997	1.0	0.3285760432267348	0.2618296529968454	0.35515448149281137	0.5778001341381621	1.0	0.6383668444809191	0.5114794352363412	0	0.5041572591681149	0.3566330442989442	0.3646395643242726	0.35818985574685897	0.9455782312925171	0.38958887902987277	0.3277411074440777	0.9954098360655736	0.6159561774595944	0.48876337756152916	1.0	0.275218773129	0.07231555767220288	1.0	0.7585034013605442	1.0	1.0	0.4186991869918699	0.5211150750850411	0.2802725998581136	0.7633564414897106	0.993484610199955	1.0	0.5139358860195904	0.5590361445783132	0.4801889667784211	1.0	0.062224194035443534	0.9597069597069596	0.45275449530768674	0.2740912933220625	0.3694786806276391	0.3661261866756281	1.0	0.5844904722452361	0.4893110259091437	0.49617920287683537	0.5129140079003343	0.9951636203756047	1.0	0.48240910279884913	0.4958883628208323	0.35753599416803367	0.4807605622259558	0.46214706027790126	0.3149350649350649	0.500600080010668
ET_Pstr_54_2017	106161	0.15014221875174977	1.0	0.5321993117754183	1.0	0.8250825082508251	0.5428842955571395	0.5428842955571395	0.5239189852702593	0.14150100001775176	0.1584705105878438	0.1923925332415759	0.1750060742628268	0.5022533113518002	0.5428842955571396	1.0	0.5359202892973586	0.1357758829919806	0.4198017235793429	1.0	0.5278782755295355	0.3489098394382475	0.4633735587210931	0.5778001341381624	1.0	0.6383668444809192	0.1526337566858471	0.5041572591681149	0	0.49994204344836807	0.47708893085982707	0.4427288778582888	0.9455782312925171	0.4554467831323549	0.5428842955571396	0.9954098360655736	0.6159561774595943	0.05214024189729045	1.0	0.5428842955571394	0.5381617453800438	1.0	0.7448979591836734	1.0	1.0	0.38030295128325475	0.5428842955571397	0.4968942751181267	0.7633564414897107	0.9934846101999548	1.0	0.13338966218976553	0.5590361445783134	0.5428842955571394	1.0	0.49916844856260406	0.9597069597069596	0.5276969612208688	0.5354350140693965	0.5220686333637573	0.4624295457737723	1.0	0.5844904722452361	0.5428842955571394	0.14763170704669626	0.152280938698376	0.9951636203756047	1.0	0.5428842955571395	0.16162020830732046	0.5000084304754022	0.1417412846086961	0.5241927067720925	0.4561653599429792	0.5163474239742617
WP_Dlab_63_2017	106165	0.4826628434326298	1.0	0.266546782374963	1.0	0.8250825082508251	0.5018707263578893	0.4696635855546002	0.46513023646621066	0.4826759849336827	0.47331468682858	0.4240280430480212	0.49291784702549574	0.02846450717510025	0.3566330442989441	1.0	0.35663304429894416	0.4486158978687769	0.3999999999999999	1.0	0.34861612948967624	0.3366955701055861	0.3566330442989441	0.5778001341381622	1.0	0.6383668444809188	0.46853718312757	0.3566330442989442	0.49994204344836807	0	0.37056322552906895	0.35818985574685897	0.9455782312925171	0.3895888790298727	0.35663304429894416	0.9954098360655739	0.6159561774595942	0.4876537743812949	1.0	0.35663304429894416	0.35663304429894416	1.0	0.758503401360544	1.0	1.0	0.3987617127985118	0.5211150750850411	0.35663304429894416	0.7633564414897106	0.993484610199955	1.0	0.47099363391081905	0.5590361445783133	0.4801889667784213	1.0	0.3566330442989441	0.9597069597069597	0.46794182964395725	0.3566330442989442	0.39140271493212664	0.36612618667562796	1.0	0.5844904722452359	0.48931102590914377	0.453236950768064	0.4699717557915629	0.9951636203756045	1.0	0.48240910279884913	0.4529461107120609	0.022470408894600287	0.443391395393585	0.47411363299213755	0.35663304429894416	0.500600080010668
WP_Pstr_66_2017	106171	0.4507643312101911	1.0	0.37056322552906895	1.0	0.8250825082508251	0.5018707263578893	0.4696635855546002	0.45152442425913397	0.448131803684624	0.44091990483743054	0.3879310344827586	0.4277620396600566	0.370563225529069	0.37056322552906895	1.0	0.36463956432427275	0.4275707229456669	0.10122533798308887	1.0	0.3646395643242727	0.2443802602293844	0.1221556482475509	0.5778001341381621	1.0	0.6383668444809191	0.4313894004501739	0.3646395643242726	0.47708893085982707	0.37056322552906895	0	0.12879182084114807	0.9455782312925171	0.14273883466430048	0.37056322552906884	0.9954098360655739	0.6159561774595942	0.45367898780182625	1.0	0.37056322552906895	0.36584067535197334	1.0	0.7585034013605442	1.0	1.0	0.3739837398373984	0.5211150750850411	0.3646395643242727	0.7633564414897106	0.9934846101999552	1.0	0.44105075690115764	0.5590361445783133	0.4801889667784213	1.0	0.3646395643242727	0.9597069597069596	0.4620181684391609	0.36463956432427275	0.39140271493212675	0.10948914319795133	1.0	0.5844904722452361	0.4893110259091439	0.4192388372789931	0.4342145244606502	0.9951636203756047	1.0	0.48240910279884913	0.41819087964116625	0.370563225529069	0.42089087407286013	0.46146495571653096	0.13201583623943058	0.49262224596872467
WP_Pstr_68_2017	106173	0.410257785431233	1.0	0.35818985574685897	1.0	0.8250825082508251	0.5018707263578893	0.4696635855546001	0.4574480854639299	0.4078769933288251	0.40765788746328724	0.3529428282601371	0.38316408448754746	0.36644502108336036	0.3581898557468589	1.0	0.3581898557468591	0.37560707426914874	0.11609416641989935	1.0	0.35818985574685897	0.20361572325474545	0.11357005349831555	0.5778001341381623	1.0	0.638366844480919	0.3920065299881558	0.35818985574685897	0.4427288778582888	0.35818985574685897	0.12879182084114807	0	0.9455782312925171	0.14495219982908897	0.35818985574685897	0.9954098360655739	0.6159561774595944	0.4183515973855079	1.0	0.3581898557468591	0.358189855746859	1.0	0.7585034013605443	1.0	1.0	0.3605472577527078	0.5211150750850411	0.3581898557468591	0.7633564414897107	0.9934846101999548	1.0	0.39880750722964603	0.5590361445783133	0.4801889667784213	1.0	0.358189855746859	0.95970695970696	0.4679418296439573	0.358189855746859	0.3914027149321268	0.1061368532054145	1.0	0.5844904722452362	0.4893110259091439	0.38407625390572	0.3917088638081485	0.9951636203756047	1.0	0.4824091027988492	0.37903797592677224	0.35818985574685897	0.38237550824436733	0.46738861692132716	0.05276714328017262	0.47406320842779043
WP_Ssid_73_2017	106177	0.9455782312925171	1.0	0.9455782312925171	1.0	0.9455782312925168	0.945578231292517	0.9455782312925171	0.9455782312925171	0.9455782312925171	0.9455782312925171	0.9455782312925171	0.945578231292517	0.9455782312925171	0.9455782312925171	1.0	0.9455782312925171	0.9455782312925171	0.9455782312925171	1.0	0.9455782312925171	0.9455782312925171	0.9455782312925171	0.9455782312925171	1.0	0.9455782312925171	0.9455782312925171	0.9455782312925171	0.9455782312925171	0.9455782312925171	0.9455782312925171	0.9455782312925171	0	0.9455782312925168	0.9455782312925171	0.9954098360655736	0.9455782312925171	0.9455782312925168	1.0	0.9455782312925171	0.9455782312925171	1.0	0.9455782312925171	1.0	1.0	0.9455782312925171	0.9455782312925171	0.9455782312925171	0.9455782312925171	0.9934846101999552	1.0	0.9455782312925171	0.9455782312925171	0.9455782312925171	1.0	0.9455782312925171	0.9597069597069596	0.9455782312925171	0.9455782312925171	0.9455782312925171	0.9455782312925171	1.0	0.9455782312925171	0.9455782312925172	0.9455782312925171	0.9455782312925171	0.9951636203756045	1.0	0.9455782312925171	0.9455782312925168	0.9455782312925171	0.9455782312925171	0.9455782312925171	0.9455782312925171	0.9455782312925171
ET_Pstr_42_2018	106188	0.42319852227792243	1.0	0.3895888790298727	1.0	0.8250825082508252	0.5018707263578892	0.4696635855546002	0.45744808546393007	0.42056599475235545	0.41335409590516203	0.3603652255504901	0.40019623072778815	0.38958887902987277	0.3895888790298728	1.0	0.3895888790298727	0.4000049140133982	0.10537898954048024	1.0	0.3895888790298727	0.24392574201536327	0.04735000414838684	0.5778001341381623	1.0	0.6383668444809192	0.4038235915179053	0.38958887902987277	0.4554467831323549	0.3895888790298727	0.14273883466430048	0.14495219982908897	0.9455782312925168	0	0.3895888790298728	0.9954098360655739	0.6159561774595943	0.4320368400743539	1.0	0.38958887902987294	0.38958887902987277	1.0	0.7448979591836734	1.0	1.0	0.35327980608998644	0.5211150750850412	0.38164448975479837	0.7633564414897107	0.9934846101999548	1.0	0.413484947968889	0.5590361445783134	0.4801889667784212	1.0	0.3895888790298728	0.9597069597069599	0.46794182964395703	0.3895888790298728	0.39140271493212675	0.054698376105005136	1.0	0.5844904722452362	0.4893110259091437	0.3916730283467244	0.4066487155283816	0.9951636203756045	1.0	0.482409102798849	0.3906250707088976	0.3895888790298727	0.3988981504169917	0.467388616921327	0.15990730284208543	0.4937382048258115
