CH_Pstr_10_2017	106106	0.0	0.00027481574751338266	0.0008910089094399886	0.0007465614667056098	0.0014061910556619377	0.001300917117300147	0.00020527135945065	0.0005314454433485953	0.00021716599978423675	0.0004436318724735897	0.0007216439975643448	0.0006788023155501672	0.0011994261743317654	0.00033815457968139535	0.0017322597246540732	0.002680414898067209	0.0027205394819214516	0.0028518587099926065	0.002660679219519539	0.002797542845596682	0.0027901234723245287	0.002567461754454753	0.003384170475225905	0.004100529966195693	0.0041036372546803725	0.004066752792863338	0.005424621948581531	0.004533853773411086	0.015762234931351867	0.008461535792651123	0.004344961789749928	0.0031740653563161773	0.004421844175095271	0.02831376340174955	0.00431268277309311	0.003913738671157544	0.003886079721974172	0.0037473660913618883	0.0033419581410314746	0.03567762641295425	0.018762408714327924	0.0040197628413097515	0.004481834544017228	0.03405774783052712	0.004556274117075534	0.004180998639429955	0.003995351430943178	0.0044479177855781815	0.004597151837052217	0.004798817942808413	0.010278763498923876	0.004637302695572448	0.03398503022496891	0.004720942165472012	0.0037616107661725953	0.0042354112780417265	0.014520035960025265	0.0038086737481582613	0.007505695875805801	0.0046046046280681	0.0347078464987627	0.03629065484124481	0.03617639538955852	0.03602482181992581	0.034036216793080165	0.034126833068909894	0.03462262034808202	0.03592337552562231	0.03616901973140375	0.03645155173216827	0.03647278614555826	0.03622966842663057	0.03621382782124881	0.03703819321034138
WP_Pstr_16_2017	106123	0.00027481574751338266	0.0	0.0007023503697161473	0.0007284979747615753	0.0013414194377904104	0.0012960826020716571	0.0003076131393614411	0.00038668157845622004	0.0003730233352179722	0.0002394629303798958	0.0006793283456928486	0.0005038971643675961	0.0010528413048068383	0.0003381358059178736	0.0017058091436388846	0.0026539888918575795	0.002692566474051	0.002825450582897394	0.002632714897125143	0.0027695755036375247	0.002763684969930608	0.0025589286038655186	0.0033756617367678363	0.0040867456395123295	0.004095123944946013	0.004058239483128979	0.005518192524006693	0.0045253519424140985	0.01575364486993588	0.008433414077419949	0.004336438424725397	0.0031460627816262896	0.004413316747890479	0.028305173851857827	0.004304129951184593	0.0039052392208890284	0.0038775729612848166	0.0037388305084337637	0.0033334394880496976	0.035669036863062525	0.01875382373571249	0.004011255667714171	0.004453761250865395	0.0340491582806354	0.004547773663500518	0.004172491465834377	0.003986844257347598	0.004439415954581193	0.004588595837769486	0.0047900479551166225	0.010250566403713635	0.004628797550009582	0.033976440675077185	0.004712172177780222	0.0037530966915131324	0.004226908935520476	0.014511408161708298	0.00380017328438751	0.007497194044808813	0.0045960416643634205	0.03469925694887097	0.03628206529135308	0.03616780583966679	0.03601623227003409	0.03402762724318844	0.03411824351901817	0.034614030798190296	0.035914785975730584	0.03616043018151202	0.03644296218227654	0.036464196595666534	0.036221078876738845	0.03620523827135709	0.037029603660449655
WP_Ofra_17_2017	106124	0.0008910089094399886	0.0007023503697161473	0.0	0.0011148724580203168	0.0017425795046321125	0.0016370306182652266	0.0008339494986586587	0.0008441081727921185	0.0008826163382705706	0.0006589393402281085	0.0010341718454454454	0.0009039078658258259	0.0006792296534779995	0.0008878861234334336	0.002040249747313274	0.002988533650328918	0.002974213613905695	0.0031600304699991514	0.0029143563736334184	0.003051245530129359	0.0030981760552992654	0.002875458967482615	0.0036414801737152938	0.004340333304734434	0.004360879869840008	0.004323995408022974	0.00499306007334665	0.0047386463851350645	0.015215495766391288	0.00783752442995236	0.004602440108635913	0.003427655644160643	0.004679366116232762	0.027766877028592457	0.004570278656532886	0.0041712484934813086	0.004143471343802224	0.004004591841891716	0.003283158012989074	0.03513074003979716	0.018215589424500585	0.004277308182138346	0.004662004897431539	0.03351086145737003	0.004057558300129883	0.00443854398025855	0.004252896771771771	0.0039009784717402795	0.004854715696857587	0.005056116271856916	0.010486511161529887	0.004894638865847251	0.03343814385181181	0.004978240494520514	0.004018978778200587	0.004492870210753377	0.013973285580935402	0.004066080452195095	0.0069587565619679	0.004862161523451522	0.034160960125605606	0.03574376846808772	0.035629509016401426	0.03547793544676872	0.03348933041992307	0.0335799466957528	0.03407573397492493	0.03537648915246522	0.035622133358246655	0.03590466535901117	0.03592589977240117	0.03568278205347347	0.03566694144809172	0.03649130683718428
WP_Pstr_28_2017	106135	0.0007465614667056098	0.0007284979747615753	0.0011148724580203168	0.0	0.0011518068136425088	0.001291582438556941	0.0006450235963687815	0.0007551786566875435	0.0007015123930363507	0.0007840438193556343	0.0003225409442153828	0.0010580885418513966	0.0012979821857802007	0.0007685205592053908	0.0015897548036184197	0.0024781407544257434	0.0025877964008798517	0.0026322006410942084	0.002528317889815884	0.002664896868177793	0.00257029976488015	0.0023528612930603515	0.003169052675775666	0.003867889250403317	0.0038884358155088913	0.0038515513536918566	0.005471956727798072	0.00431848855391175	0.015548940053426219	0.008269067031372469	0.004130924321612141	0.003041371465371783	0.004207961779402274	0.02809973648543391	0.004098973616634945	0.0036995504667141996	0.0036710869404836944	0.0035322306808610975	0.003126803208923181	0.035463599496638604	0.018548465437733527	0.003805791254293435	0.004289398695538173	0.03384372091421148	0.004341725867883769	0.003967085567244005	0.003781455435571228	0.004232552566078846	0.004383584775617812	0.004585584415396063	0.01008779406836523	0.004421985761987619	0.033771003308653263	0.004507708638059662	0.0035465151565668854	0.004021089728206761	0.014306733824739688	0.0035935829872984692	0.007290330656306465	0.004391122473595993	0.03449381958244706	0.03607662792492917	0.03596236847324287	0.035810794903610166	0.033822189876764525	0.03391280615259425	0.034408593431766374	0.03570934860930667	0.035954992815088106	0.03623752481585263	0.03625875922924262	0.03601564151031493	0.03599980090493317	0.03682416629402574
ET_Pstr_54_2017	106161	0.0014061910556619377	0.0013414194377904104	0.0017425795046321125	0.0011518068136425088	0.0	0.00038718031483814627	0.001251809398110526	0.0013728916188003033	0.0013933872815981001	0.0013899078102221996	0.0011761621105952302	0.001541028801581381	0.00176583528383167	0.001412855092894906	0.0022893504372398007	0.003237609226939095	0.0032760660352301875	0.003408864088724051	0.0032161694448151366	0.003353001446437863	0.003347231243310351	0.003009046746694405	0.003825897969870485	0.00457133865473212	0.00454539442294371	0.004518413027086252	0.006028712334390634	0.004923324937547106	0.016204256942570987	0.0077229067008100965	0.004701889356594472	0.003684908072054205	0.0047735191514927675	0.028755683606372637	0.004754348984509287	0.004355317168283715	0.004275511876595165	0.003182848223262984	0.0037481618889691473	0.03611954661757734	0.019204261830329954	0.0044613876609642545	0.003657995099629061	0.03449966803515021	0.004883502214961279	0.004622606602600089	0.004436989747518485	0.004889556328263475	0.005038881443519583	0.005240802792335401	0.009661545405937152	0.005078989524172248	0.03442695042959199	0.005162927014999	0.004203235559835901	0.004676944269555633	0.014962034628414025	0.004194342274335833	0.006937836890214129	0.005046396232957101	0.035149766703385786	0.036732575045867896	0.036618315594181605	0.0364667420245489	0.03447813699770325	0.03456875327353298	0.03506454055270511	0.0363652957302454	0.036610939936026834	0.03689347193679136	0.03691470635018135	0.03667158863125366	0.036655748025871904	0.03748011341496446
ET_Pstr_54_2018	106196	0.001300917117300147	0.0012960826020716571	0.0016370306182652266	0.001291582438556941	0.00038718031483814627	0.0	0.0012292168924810682	0.0013196238123890063	0.001206944784134031	0.0012808869120891492	0.0012141248453671086	0.0014303929172488302	0.0017042923098529506	0.0013116462117131827	0.002230194335633421	0.0031784495681904143	0.0032245475441937278	0.0033498473208779266	0.003164672689159466	0.00330149528954365	0.0032880751417039703	0.003041697588823485	0.0038585100904607907	0.004607555410979503	0.00457783737734193	0.004554629783333635	0.0059425275212536145	0.004955861522561781	0.01623699561853088	0.007728939750877567	0.004734660702784127	0.0036333547675760055	0.004806288097246833	0.028788212546063185	0.004787165545117281	0.004388089982553298	0.004308164421217837	0.003188724508004937	0.00378063818592739	0.03615207555726789	0.019236961922872216	0.004494155465142114	0.003576741290799663	0.03453219697484076	0.004916319246437394	0.004655396189899268	0.004469757551696344	0.0049220929132781505	0.005071710372098836	0.005273634078825589	0.009599357093587522	0.005111526109186923	0.03445947936928254	0.005195758301489188	0.004235853591995265	0.00470973812463434	0.014994807264696892	0.0042269603064951965	0.00691411243824599	0.005079219593059086	0.035182295643076344	0.03676510398555845	0.03665084453387215	0.036499270964239446	0.0345106659373938	0.03460128221322353	0.035097069492395654	0.03639782466993595	0.036643468875717386	0.0369260008764819	0.0369472352898719	0.0367041175709442	0.03668827696556245	0.03751264235465501
CH_Pstr_10_2018	106216	0.00020527135945065	0.0003076131393614411	0.0008339494986586587	0.0006450235963687815	0.001251809398110526	0.0012292168924810682	0.0	0.0004724402392146314	0.00031908976750536844	0.00042707636036628345	0.0006345746	0.0006651763546946946	0.001163281264836162	0.0004416927515215216	0.001624780398288847	0.0025690259142402004	0.002622737640736507	0.0027404566957738756	0.002562869827540422	0.002699726149239007	0.002678732225242092	0.0024545827235142245	0.0032712107826642425	0.0039952003160381964	0.003990665983653822	0.003953781521836787	0.005430353646851324	0.004420874927821433	0.01564953714997487	0.008344084460545007	0.004232037072649459	0.003076251849125608	0.004308951692918752	0.02820105024997384	0.004199927476572927	0.0038007894747201813	0.0037730937084271953	0.0036343628248235397	0.0032289809356090223	0.035564913261178534	0.0186497071410171	0.003906871511888095	0.0043643155526067135	0.03394503467875141	0.004443286512097929	0.004068130431872697	0.0038824640472272277	0.004334938939988528	0.004484442995376106	0.004686117107572631	0.01016154919806499	0.004524372135897301	0.033872317073193194	0.00460824133023623	0.0036486341500699135	0.004122462313207409	0.014407328570898482	0.0036956971320555804	0.007392717030216148	0.004491904924450261	0.03459513334698699	0.0361779416894691	0.0360636822377828	0.035912108668150096	0.03392350364130445	0.034014119917134183	0.034509907196306304	0.0358106623738466	0.036056306579628036	0.03633883858039255	0.03636007299378255	0.03611695527485485	0.0361011146694731	0.03692548005856566
CH_Pstr_82_2019	106242	0.0005314454433485953	0.00038668157845622004	0.0008441081727921185	0.0007551786566875435	0.0013728916188003033	0.0013196238123890063	0.0004724402392146314	0.0	0.0005310437720048043	0.00032052142011334666	0.0005425667229933496	0.0006001736147178296	0.0009697556092588941	0.0003385950463228077	0.0015543655336652659	0.0025026249967965257	0.002502606734544105	0.0026740123397049924	0.0024427600835706083	0.0025796322506102523	0.002612260740610145	0.0024015568366549155	0.0031819292024722248	0.003899111460523133	0.0039014214992657784	0.0038645296232333775	0.005381689948546134	0.004331747956117395	0.015560346919623751	0.008306274488989372	0.00414301567635054	0.0029560891448891357	0.004219941683947388	0.028111828706285757	0.004110942469082174	0.0037118017126850575	0.0036838708837622284	0.003545262241876109	0.0031397854600177474	0.03547569171749046	0.01856046809962967	0.0038178837498529707	0.004326648854095477	0.03385581313506333	0.004354263463260436	0.003979134014112701	0.0037934723394863978	0.004245811968284489	0.00439540674551096	0.004596908706424576	0.010123886474335696	0.004435245164193263	0.03378309552950512	0.0045190329290881745	0.003559379621876478	0.004033424945060554	0.014318227463794112	0.0036064641071478836	0.00730359005851211	0.004402859178050245	0.03450591180329891	0.03608872014578102	0.035974460694094726	0.03582288712446202	0.033834282097616374	0.0339248983734461	0.03442068565261823	0.03572144083015852	0.035967085035939955	0.03624961703670448	0.03627085145009447	0.03602773373116678	0.036011893125785024	0.03683625851487759
CH_Pstr_10_2019	106244	0.00021716599978423675	0.0003730233352179722	0.0008826163382705706	0.0007015123930363507	0.0013933872815981001	0.001206944784134031	0.00031908976750536844	0.0005310437720048043	0.0	0.0004285869899675614	0.0006246212578739754	0.0007194165731307275	0.0011124990898160698	0.00046252869208060634	0.0016521943782692409	0.0025951315258827034	0.002650280951846118	0.0027665244140819317	0.002590430696949768	0.00272731527065213	0.002704706820556186	0.0025258813019086966	0.0033424318844760288	0.004073293300341747	0.004061880879831961	0.004024996418014927	0.005398002508048098	0.004492101840303162	0.015720911845779537	0.00841981809314224	0.004303580883710847	0.003103756759872621	0.004380496836081473	0.028272250673226	0.0042714466275548	0.003872347528809569	0.0038444773786976702	0.0037057197843943755	0.003300223988066728	0.035636113684430704	0.018720913769902914	0.003978429565977483	0.004440273452618189	0.03401623510200357	0.0045147919191149775	0.0041396653640976885	0.00395401815561091	0.004406165852470258	0.004555852051015915	0.004757584874826137	0.010237505844418772	0.0045955474427339495	0.033943517496445356	0.004679709097489736	0.003719940876095275	0.004193897495245721	0.014478736405680403	0.0037670329682128424	0.007463943942697877	0.004563315493464118	0.03466633377023916	0.03624914211272126	0.03613488266103497	0.035983309091402266	0.03399470406455662	0.034085320340386346	0.034581107619558474	0.03588186279709876	0.0361275070028802	0.03641003900364472	0.03643127341703471	0.03618815569810702	0.03617231509272527	0.036996680481817826
WP_Ofra_17_2019	106258	0.0004436318724735897	0.0002394629303798958	0.0006589393402281085	0.0007840438193556343	0.0013899078102221996	0.0012808869120891492	0.00042707636036628345	0.00032052142011334666	0.0004285869899675614	0.0	0.0006601356804097193	0.0004242362066058944	0.0009546089985234809	0.00043418525836756	0.0016082971868938058	0.002556643326183974	0.0025868341069448615	0.0027280538365250374	0.0025269744649914078	0.0026638636214873484	0.0026662295208397116	0.0024608124016371087	0.0032712609194104304	0.0039953142379065346	0.003990726139827879	0.003953834263795479	0.005412250802925917	0.0044210240521399425	0.015649762595464273	0.008321493747001824	0.004232338898720021	0.003040275607688623	0.004309277157705958	0.028201217258723682	0.004200332933561308	0.0038011249350545376	0.0037732569928586868	0.0036345267557446347	0.003229056765246721	0.035565080269928384	0.018649873737063782	0.003907214091204138	0.004341953240198139	0.03394520168750125	0.004443590444101123	0.004068524080014363	0.0038828576953688935	0.004335088064307037	0.004484777594177151	0.004686120773237531	0.010139178160644982	0.00452452126021581	0.033872484081943044	0.00460824499590113	0.003648778344626836	0.004122728168884962	0.014407608763755794	0.003695878898077204	0.007392866154534657	0.004492239635364219	0.03459530035573684	0.03617810869821894	0.03606384924653265	0.035912275676899946	0.0339236706500543	0.03401428692588403	0.034510074205056154	0.03581082938259644	0.03605647358837788	0.0363390055891424	0.03636024000253239	0.036117122283604704	0.03610128167822295	0.036925647067315506
WP_Pstr_28_2019	106266	0.0007216439975643448	0.0006793283456928486	0.0010341718454454454	0.0003225409442153828	0.0011761621105952302	0.0012141248453671086	0.0006345746	0.0005425667229933496	0.0006246212578739754	0.0006601356804097193	0.0	0.0009468308521921922	0.0011415954922054676	0.0006762807664364365	0.0016118718773078659	0.0025430831201819406	0.002609935934589868	0.0027141127917698717	0.0025503242671026855	0.0026869710953952887	0.002652234064088054	0.0023437683726130983	0.003160049889070649	0.003858855028177878	0.0038794015932834516	0.0038425171314664173	0.0054645624289189195	0.0042679730788724845	0.015539381744264266	0.00823745198472919	0.0040800919251804514	0.003021846225072576	0.004157111938394393	0.028090588449313177	0.004089743943030573	0.0036903455373875314	0.003620418562607494	0.0034816502752940104	0.0030822895808889856	0.03545445146051788	0.01853933782612221	0.00379658064082023	0.004257779581357608	0.033834572878090746	0.004290919810984337	0.003957896737950765	0.003772224244984985	0.004223640596244784	0.004374289968969854	0.00457610190605111	0.010097571975602529	0.004413073792153556	0.03376185527253253	0.004498226128714708	0.0035374999725785823	0.004011965013144114	0.014297212154362833	0.003542986320126982	0.0072814186864724045	0.00438179037611028	0.034484671546326326	0.03606747988880844	0.035953220437122145	0.03580164686748944	0.03381304184064379	0.03390365811647353	0.03439944539564565	0.035700200573185945	0.03594584477896738	0.0362283767797319	0.036249611193121895	0.0360064934741942	0.03599065286881244	0.03681501825790501
WP_Ofav_18_2017	106125	0.0006788023155501672	0.0005038971643675961	0.0009039078658258259	0.0010580885418513966	0.001541028801581381	0.0014303929172488302	0.0006651763546946946	0.0006001736147178296	0.0007194165731307275	0.0004242362066058944	0.0009468308521921922	0.0	0.0010584403697119099	0.0006322288255555555	0.001629553107002639	0.0025215058158409367	0.002519740310728348	0.0026925875491983506	0.002460005943355006	0.0025967540575968263	0.0026308373179704993	0.0024371339950642543	0.003203630066347926	0.00396427901938154	0.003934549225628346	0.003911353391735673	0.005321125359925399	0.004353399561314927	0.015582722181266166	0.008204531906390852	0.004165023438003743	0.0029731079246211036	0.004242072187992835	0.028134130144168032	0.004133206784652194	0.003733765854887914	0.0037055414853172436	0.003566757609979804	0.0031614065019553686	0.035497993155372734	0.018582707422878965	0.0038400218689147933	0.004224898597652841	0.0338781145729456	0.004376004476467844	0.004001351887885104	0.0038156788783983986	0.004267463573482021	0.004417752228567955	0.004619225535200259	0.010049607575964323	0.004456896769390794	0.03380539696738739	0.004541349757863858	0.0035810097944106367	0.004055426050961933	0.014340553805720186	0.0036280900030426127	0.007325241663709641	0.004425214269755022	0.03452821324118118	0.03611102158366329	0.035996762131977	0.035845188562344296	0.03385658353549864	0.03394719981132838	0.034442987090500504	0.03574374226804079	0.03598938647382223	0.036271918474586745	0.03629315288797674	0.03605003516904905	0.03603419456366729	0.036858559952759856
WP_Mcav_19_2017	106126	0.0011994261743317654	0.0010528413048068383	0.0006792296534779995	0.0012979821857802007	0.00176583528383167	0.0017042923098529506	0.001163281264836162	0.0009697556092588941	0.0011124990898160698	0.0009546089985234809	0.0011415954922054676	0.0010584403697119099	0.0	0.0009958239765452794	0.0017282090876764374	0.0026551315700097068	0.002726272962420352	0.002826454529252508	0.0026664218796263765	0.0028032863053465296	0.0027647667457317672	0.002790637218113131	0.003594605503376872	0.004390427500117454	0.004360698518642979	0.0043375008627393585	0.005056537022013571	0.004692072097784266	0.015216514902465807	0.007823676807609457	0.004555556666708692	0.003179700942841356	0.004632406877007077	0.027767922392999925	0.0045230219782290935	0.004124379972909472	0.00409652338930824	0.003957869458160286	0.0032365038823098874	0.03513178540420463	0.018216410612393957	0.004230352611127729	0.004600002556705961	0.033511906821777494	0.004010902633157499	0.004391537418201256	0.0042059108899896	0.0039025083220562513	0.004807459477472907	0.005009234646332367	0.010439184919850804	0.004848107199807106	0.03343918921621929	0.004931363071517479	0.003972057236590054	0.004446071200276186	0.013974406897859011	0.004019120218575721	0.006960402847214351	0.004814956896179743	0.034162005490013074	0.035744813832495184	0.03563055438080889	0.03547898081117619	0.03349037578433054	0.03358099206016027	0.0340767793393324	0.035377534516872686	0.03562317872265412	0.035905710723418645	0.035926945136808636	0.035683827417880946	0.03566798681249919	0.03649235220159175
CH_Ssid_51_2017	106157	0.00033815457968139535	0.0003381358059178736	0.0008878861234334336	0.0007685205592053908	0.001412855092894906	0.0013116462117131827	0.0004416927515215216	0.0003385950463228077	0.00046252869208060634	0.00043418525836756	0.0006762807664364365	0.0006322288255555555	0.0009958239765452794	0.0	0.0015486142157116719	0.002496797693876247	0.002528603219932944	0.0026682401241722737	0.0024687375891558993	0.0026056057079875913	0.00260649056895148	0.002419262469288909	0.0032314438665981765	0.003934884840732892	0.0039509288228425	0.003914042188153104	0.005328869359253727	0.004381229903186798	0.015609766819714613	0.008356523256044853	0.004192420853006919	0.0029821095573438266	0.004269346018745275	0.028161230669183045	0.0041603045922786325	0.0037612282841528533	0.003733412339267689	0.003594772069449273	0.0031893338224123907	0.03552509368038775	0.01860985997784393	0.003867288084650858	0.004376886082948136	0.033905215097960614	0.004403757007567694	0.004028523882771062	0.0038428856832932934	0.004295293915353893	0.004444769860831562	0.004646437311987045	0.010174021374171099	0.004484681050001405	0.0338324974924024	0.004568561534650644	0.003608904297553557	0.00408287154410831	0.014367646429506368	0.0036559826660847498	0.007353072005581513	0.004452230185192164	0.034555313766196194	0.036138122108678304	0.03602386265699201	0.03587228908735931	0.03388368406051366	0.03397430033634339	0.03447008761551552	0.035770842793055806	0.03601648699883724	0.036299018999601765	0.036320253412991756	0.036077135694064066	0.036061295088682305	0.036885660477774876
ET_Ofra_40_2017	106147	0.0017322597246540732	0.0017058091436388846	0.002040249747313274	0.0015897548036184197	0.0022893504372398007	0.002230194335633421	0.001624780398288847	0.0015543655336652659	0.0016521943782692409	0.0016082971868938058	0.0016118718773078659	0.001629553107002639	0.0017282090876764374	0.0015486142157116719	0.0	0.0010808713513605441	0.0010039668960738334	0.0012267859533167038	0.0009988072664642777	0.001081303175949257	0.0010618956894548567	0.0013350887013629314	0.002185754338761579	0.0029741272189468494	0.0029442309180185283	0.002921115739063384	0.005120009229247615	0.0031992291663133295	0.014436777659753902	0.00727545643497918	0.0030187105935544772	0.0014564881197178872	0.0030958180916550926	0.02698415158173398	0.0029869979644316508	0.002587438923441274	0.0025567044633518507	0.0024159544630547414	0.0020083317417139636	0.03434801459293868	0.01743285759665985	0.002693726396331996	0.003297366979913013	0.03272813601051155	0.0032300410555035084	0.0028550622612988318	0.0026694205993517467	0.003113200216484772	0.0032717549420389807	0.0034740036957133565	0.009097185309465003	0.003302711035680531	0.03265541840495334	0.003396092077985164	0.0024309680041638367	0.0029087960406577375	0.013194871220608223	0.0024784061836696128	0.0062197220903338745	0.0032793245098199832	0.033378234678747135	0.03496104302122924	0.03484678356954295	0.03469520999991024	0.032706604973064594	0.03279722124889432	0.03329300852806645	0.03459376370560674	0.034839407911388176	0.0351219399121527	0.03514317432554269	0.034900056606615	0.034884216001233245	0.03570858139032581
WP_Cnat_31_2017	106137	0.002680414898067209	0.0026539888918575795	0.002988533650328918	0.0024781407544257434	0.003237609226939095	0.0031784495681904143	0.0025690259142402004	0.0025026249967965257	0.0025951315258827034	0.002556643326183974	0.0025430831201819406	0.0025215058158409367	0.0026551315700097068	0.002496797693876247	0.0010808713513605441	0.0	0.0005469316451253542	0.0005578354461238486	0.0005264296289716477	0.0005259985045304073	0.00039297690926325823	0.0017917435630097314	0.0028368487794443236	0.0036694449039164356	0.003670002488015305	0.003646031176945297	0.005660000971573331	0.00372049001289101	0.014891481506872748	0.007924132748193737	0.0034728702363638364	0.0005640139224189676	0.0035500642400051905	0.027440322806283803	0.0034412941490965425	0.0030417258486154443	0.0030128209387883746	0.003060317618807932	0.0024684934329692976	0.0348041858174885	0.017888756158851014	0.0031480670865110935	0.003945189424660501	0.03318430723506137	0.0036845116066234512	0.0033093415312404726	0.003123737012535362	0.0035740816992952235	0.003726252961148542	0.003928506584637591	0.00974272557147593	0.0037635148952039964	0.033111589629503155	0.0038505949858082937	0.002887688958190038	0.0033634172866162408	0.013649584807576859	0.0029348148058471308	0.006871332873693346	0.0037338151222635453	0.03383440590329695	0.035417214245779066	0.03530295479409277	0.035151381224460064	0.033162776197614416	0.03325339247344415	0.03374917975261627	0.03504993493015657	0.035295579135938004	0.03557811113670252	0.03559934555009252	0.03535622783116482	0.03534038722578307	0.03616475261487563
ET_Pstr_42_2017	106149	0.0027205394819214516	0.002692566474051	0.002974213613905695	0.0025877964008798517	0.0032760660352301875	0.0032245475441937278	0.002622737640736507	0.002502606734544105	0.002650280951846118	0.0025868341069448615	0.002609935934589868	0.002519740310728348	0.002726272962420352	0.002528603219932944	0.0010039668960738334	0.0005469316451253542	0.0	0.0005012734445317724	0.00014112077763546433	0.0001160049485902729	0.00043600513159969197	0.0016081562333376937	0.0024530793534881705	0.0032857056071950367	0.0032862378479535676	0.003262268466791629	0.005444444996860453	0.0033800044496830697	0.014552343883972555	0.007540409942275899	0.0031337348888075952	0.0006171273173859997	0.0032108655004789433	0.027100941377136572	0.0031021708056913036	0.002702590889792855	0.0026724447119800196	0.0026765851741835647	0.002127879789858174	0.03446480438834127	0.01754936474393284	0.002808931729851972	0.003561457455098569	0.03284492580591414	0.003344984544616287	0.0029702225917988003	0.0027846004525919885	0.003233596136087284	0.003387205361408619	0.003589477872849126	0.009360282414829738	0.0034230293319960567	0.03277220820035593	0.0035115662740198288	0.0025473038202929654	0.003024318124525424	0.013310448541052643	0.0025944364865284333	0.006487719666267518	0.0033947675225236224	0.033495024474149725	0.03507783281663183	0.03496357336494554	0.03481199979531283	0.032823394768467185	0.03291401104429691	0.03340979832346904	0.03471055350100933	0.034956197706790766	0.03523872970755529	0.03525996412094528	0.03501684640201759	0.03500100579663583	0.0358253711857284
WP_Pstr_68_2017	106173	0.0028518587099926065	0.002825450582897394	0.0031600304699991514	0.0026322006410942084	0.003408864088724051	0.0033498473208779266	0.0027404566957738756	0.0026740123397049924	0.0027665244140819317	0.0027280538365250374	0.0027141127917698717	0.0026925875491983506	0.002826454529252508	0.0026682401241722737	0.0012267859533167038	0.0005578354461238486	0.0005012734445317724	0.0	0.000580250163671878	0.0004778281795639537	0.00020976254317460463	0.0016502575925620945	0.0026948684432899672	0.0035276888121652133	0.0035282086544932284	0.003504248213860383	0.005692832918213045	0.003578677210869736	0.014854510580951497	0.007842220948084485	0.003332408149900948	0.0007071421919362104	0.0034095839472468976	0.027299532618007365	0.003300966390947406	0.002901360909121781	0.0028713097374910164	0.0029184560899075725	0.00232656114554911	0.03466339562921207	0.017747868382989453	0.0030076927404328207	0.003803296640887309	0.03304351704678494	0.0035437428013395055	0.0031689781042293598	0.002983371275065698	0.0034322688972739488	0.0035859543685788486	0.0037882360084991722	0.009602044471676997	0.003621702093182722	0.03297079944122672	0.0037103244096698745	0.00274615444061848	0.0032230344524743918	0.013509170159206628	0.0027932867398980815	0.006729521277901062	0.0035935255378011484	0.03369361571502052	0.03527642405750263	0.03516216460581633	0.035010591036183626	0.03302198600933798	0.033112602285167714	0.033608389564339834	0.03490914474188013	0.03515478894766157	0.03543732094842608	0.03545855536181608	0.035215437642888384	0.03519959703750663	0.03602396242659919
ET_Pstr_42_2018	106188	0.002660679219519539	0.002632714897125143	0.0029143563736334184	0.002528317889815884	0.0032161694448151366	0.003164672689159466	0.002562869827540422	0.0024427600835706083	0.002590430696949768	0.0025269744649914078	0.0025503242671026855	0.002460005943355006	0.0026664218796263765	0.0024687375891558993	0.0009988072664642777	0.0005264296289716477	0.00014112077763546433	0.000580250163671878	0.0	0.00020579095288333777	0.0004681783280511936	0.0016406058431815908	0.0024965223544072403	0.003329133082979161	0.003329689469681574	0.003305721759050968	0.0053902558571259146	0.0034204191791495746	0.014591378015172178	0.007583857121495823	0.0031727074265684675	0.0006992869726440692	0.0032498372519492343	0.027140508685287695	0.0031411405584838813	0.0027415630388200754	0.002712359380332617	0.0027197567859354385	0.002168319839658994	0.03450437169649239	0.0175888980158439	0.0028479042767157246	0.00360456135643033	0.03288449311406526	0.003384047153273172	0.003009192344591378	0.0028235742027399933	0.003274010865553788	0.0034261703999612465	0.003628394767065401	0.009402543648628994	0.003463444061462561	0.03281177550850705	0.0035504969318119074	0.002587251492740165	0.003063283163078052	0.01334948131587629	0.002634396364445234	0.006531104949073408	0.0034337325610762507	0.033534591782300845	0.035117400124782955	0.03500314067309666	0.03485156710346395	0.032862962076618304	0.03295357835244804	0.03344936563162016	0.034750120809160456	0.03499576501494189	0.03527829701570641	0.035299531429096406	0.03505641371016871	0.035040573104786955	0.03586493849387952
ET_Pstr_42_2019	106232	0.002797542845596682	0.0027695755036375247	0.003051245530129359	0.002664896868177793	0.003353001446437863	0.00330149528954365	0.002699726149239007	0.0025796322506102523	0.00272731527065213	0.0026638636214873484	0.0026869710953952887	0.0025967540575968263	0.0028032863053465296	0.0026056057079875913	0.001081303175949257	0.0005259985045304073	0.0001160049485902729	0.0004778281795639537	0.00020579095288333777	0.0	0.0004126724836608757	0.001654845858345843	0.00253251167424564	0.0033651152909030977	0.003365660353615536	0.003341690188353012	0.005536112847068241	0.0034502975958216383	0.01462241024791358	0.007619794925480979	0.00320371455838476	0.0005686040771520776	0.0032808531119474385	0.02717098756229619	0.0031721448492155087	0.0027725757373177236	0.002742717593725802	0.0027558923959888205	0.0021981891855224	0.03453485057350089	0.017619415743589287	0.0028789169752133723	0.003640753710091575	0.03291497199107376	0.0034149770927198635	0.0030401966353230054	0.0028545869012376415	0.0033039138969947132	0.003457241188861767	0.003659503734190514	0.009439357057666617	0.003493347092903487	0.03284225438551555	0.003581592135361217	0.0026175790238643186	0.0030943539519785717	0.013380505154465552	0.0026646980819348873	0.0065671135220632375	0.00346480334997677	0.033565070659309346	0.03514787900179145	0.03503361955010516	0.034882045980472454	0.032893440953626805	0.032984057229456534	0.03347984450862866	0.03478059968616895	0.03502624389195039	0.03530877589271491	0.0353300103061049	0.03508689258717721	0.035071051981795456	0.035895417370888014
WP_Pstr_68_2019	106270	0.0027901234723245287	0.002763684969930608	0.0030981760552992654	0.00257029976488015	0.003347231243310351	0.0032880751417039703	0.002678732225242092	0.002612260740610145	0.002704706820556186	0.0026662295208397116	0.002652234064088054	0.0026308373179704993	0.0027647667457317672	0.00260649056895148	0.0010618956894548567	0.00039297690926325823	0.00043600513159969197	0.00020976254317460463	0.0004681783280511936	0.0004126724836608757	0.0	0.0014865939559707434	0.0025306668588073447	0.0033629127656533576	0.003363417703784499	0.003339459193059723	0.005629629239998347	0.0034137160141830157	0.014691533253330048	0.0076777159897662706	0.003169558828808291	0.0005416837878350741	0.0032467532293791743	0.027135592064056743	0.003137992670816287	0.0027383871889906618	0.0027073154775866318	0.0027541915807542264	0.0021618580209788007	0.03449945507526144	0.01758428337718846	0.002844719020301702	0.0036391264472816994	0.03287957649283431	0.0033809229167026354	0.003006036212744022	0.0028203975549345797	0.003267266754196259	0.0034230838997271746	0.0036253655396474983	0.009438731342472742	0.003456725557787336	0.0328068588872761	0.003547453940818201	0.0025821758162500475	0.0030601324050119312	0.013346243820663229	0.0026293147406129857	0.0065646706090793355	0.003430655068949474	0.033529675161069895	0.035112483503552006	0.03499822405186571	0.034846650482233	0.032858045455387355	0.03294866173121709	0.03344444901038921	0.03474520418792951	0.034990848393710944	0.03527338039447546	0.03529461480786546	0.03505149708893776	0.035035656483556006	0.03586002187264857
WP_Pstr_66_2019	106271	0.002567461754454753	0.0025589286038655186	0.002875458967482615	0.0023528612930603515	0.003009046746694405	0.003041697588823485	0.0024545827235142245	0.0024015568366549155	0.0025258813019086966	0.0024608124016371087	0.0023437683726130983	0.0024371339950642543	0.002790637218113131	0.002419262469288909	0.0013350887013629314	0.0017917435630097314	0.0016081562333376937	0.0016502575925620945	0.0016406058431815908	0.001654845858345843	0.0014865939559707434	0.0	0.0018362076598620516	0.0025226318926744777	0.0025269378107748023	0.002499203473113671	0.0052746293750328644	0.002719716657288644	0.013995841863465305	0.006984485168127715	0.0025328220674203216	0.0018672934285422623	0.002603072358894204	0.02644080100000505	0.0024432049666865433	0.0020440378542411416	0.002014250865772069	0.002059409681913098	0.0014673124263674551	0.033804664011209754	0.01688961620053543	0.002150092362950119	0.0029448538544095625	0.03218478542878263	0.0026869101702876675	0.002311474949631013	0.0021257815579308623	0.0025733359574997613	0.0027278128867848366	0.0029296330300255463	0.008743944350773943	0.0027627691534085337	0.03211206782322441	0.002851745845845038	0.0018889022823952752	0.002447794336409704	0.012650633575791524	0.001936130221647178	0.005870650369840649	0.002809388827861806	0.03283488409701821	0.03441769243950031	0.03430343298781402	0.034151859418181316	0.03216325439133567	0.032253870667165396	0.032749657946337524	0.03405041312387781	0.03429605732965925	0.03457858933042377	0.03459982374381376	0.03435670602488607	0.03434086541950432	0.03516523080859688
CH_Dlab_79_2017	106109	0.003384170475225905	0.0033756617367678363	0.0036414801737152938	0.003169052675775666	0.003825897969870485	0.0038585100904607907	0.0032712107826642425	0.0031819292024722248	0.0033424318844760288	0.0032712609194104304	0.003160049889070649	0.003203630066347926	0.003594605503376872	0.0032314438665981765	0.002185754338761579	0.0028368487794443236	0.0024530793534881705	0.0026948684432899672	0.0024965223544072403	0.00253251167424564	0.0025306668588073447	0.0018362076598620516	0.0	0.002271368993895309	0.0022536567973186834	0.002222197136474298	0.005786826056100831	0.003427478179976187	0.014738143930006907	0.007581773129882512	0.00225128340901672	0.002711607588733914	0.0023215895177199743	0.027286201317205584	0.0021620695834551097	0.0017624309426632324	0.0017521959642566786	0.00271693593640732	0.0023092851522623814	0.034650064328410286	0.017011419362576323	0.0018687297815038347	0.0035436710939472926	0.033030185745983154	0.002685153753877833	0.0020301256361425282	0.001844377179510898	0.003280945448783934	0.0032415433472225	0.003443996114561544	0.009343911633228846	0.0034705292674795437	0.032957468140424946	0.0033660791663310324	0.0017726767089311268	0.0029609860513261934	0.013164903614584276	0.0018398797124215506	0.006338995790503952	0.003323188163607246	0.03368028441421874	0.035263092756700844	0.035148833305014546	0.03499725973538184	0.0330086547085362	0.03309927098436593	0.033595058263538057	0.034895813441078345	0.03514145764685978	0.035423989647624304	0.035445224061014295	0.035202106342086606	0.035186265736704844	0.036010631125797415
WP_Dlab_20_2017	106127	0.004100529966195693	0.0040867456395123295	0.004340333304734434	0.003867889250403317	0.00457133865473212	0.004607555410979503	0.0039952003160381964	0.003899111460523133	0.004073293300341747	0.0039953142379065346	0.003858855028177878	0.00396427901938154	0.004390427500117454	0.003934884840732892	0.0029741272189468494	0.0036694449039164356	0.0032857056071950367	0.0035276888121652133	0.003329133082979161	0.0033651152909030977	0.0033629127656533576	0.0025226318926744777	0.002271368993895309	0.0	0.00016128950066046242	0.00014367670834434615	0.006820415242410735	0.004330931867343569	0.01567357176381559	0.008554591273748632	0.0041753283411391905	0.0035434538775629496	0.0042418513825635065	0.02811746913952024	0.004120904586735477	0.0037212879375162614	0.0036060537821548996	0.0036308219817464734	0.0031417297735950337	0.03548133215072494	0.018566401611579054	0.0037897003889748875	0.004516670452947063	0.03386145356829781	0.00425672232901649	0.003988983860321704	0.0038031733422133358	0.004245052044433126	0.004405118140967543	0.004607378553079363	0.010316470662916667	0.0044344418049112695	0.0337887359627396	0.004529476604392873	0.003565203315130142	0.0041245488342615075	0.014328294161758796	0.0036125978424328825	0.007437653376118612	0.004486762757172127	0.03451155223653339	0.036094360579015494	0.0359801011273292	0.0358285275576965	0.03383992253085085	0.03393053880668058	0.03442632608585271	0.035727081263392996	0.03597272546917443	0.036255257469938955	0.036276491883328946	0.036033374164401256	0.0360175335590195	0.036841898948112066
WP_Dlab_63_2017	106165	0.0041036372546803725	0.004095123944946013	0.004360879869840008	0.0038884358155088913	0.00454539442294371	0.00457783737734193	0.003990665983653822	0.0039014214992657784	0.004061880879831961	0.003990726139827879	0.0038794015932834516	0.003934549225628346	0.004360698518642979	0.0039509288228425	0.0029442309180185283	0.003670002488015305	0.0032862378479535676	0.0035282086544932284	0.003329689469681574	0.003365660353615536	0.003363417703784499	0.0025269378107748023	0.0022536567973186834	0.00016128950066046242	0.0	0.00019093393453938073	0.006799707332984136	0.004330828346789182	0.015674125953498368	0.008545982979652235	0.004175852162423417	0.0035439896891410545	0.004242381599599212	0.028117739827511833	0.004121416475087324	0.003721796823766637	0.003606562868545373	0.0036222301457312627	0.003142211037069466	0.035481602838716535	0.01856684560248518	0.003790212277326734	0.004508078616931852	0.0338617242562894	0.004257251380988639	0.003989495748673551	0.003803685230565182	0.004244948523878738	0.0044056508807553945	0.004607912051730748	0.010307833194959096	0.004434338284356881	0.03378900665073119	0.004529991486350374	0.0035657152672866513	0.004125081574049359	0.014328788700591576	0.003613116404901158	0.007428778740383597	0.004487295496959979	0.03451182292452499	0.0360946312670071	0.0359803718153208	0.0358287982456881	0.03384019321884245	0.033930809494672184	0.034426596773844305	0.0357273519513846	0.03597299615716604	0.03625552815793055	0.03627676257132055	0.036033644852392854	0.0360178042470111	0.036842169636103664
