218
29213      0.0000000 0.0074875 0.0074787 0.0153138 0.0112511 0.0037327 0.0074787 0.0112511 0.0037284 0.0038283 0.0074787 0.0074787 0.0074875 0.0113438 0.0150457 0.0331568 0.0352709 0.0272326 0.0297806 0.0254426 0.0314771 0.0341471 0.0272672 0.0074875 0.0309752 0.0400866 0.0374211 0.0374730 0.0308558 0.0349517 0.0349517 0.0272326 0.0080832 0.0126409 0.0075684 0.0075398 0.0151695 0.0074787 0.0074875 0.0190176 0.0047192 0.0227024 0.0074875 0.0037284 0.0037706 0.0112644 0.0074787 0.0112511 0.0074875 0.0113438 0.0074787 0.0112511 0.0304880 0.0074787 0.0039337 0.0037284 0.0113069 0.0130819 0.0038728 0.0297806 0.0511100 0.0074787 0.0232721 0.0273389 0.0377510 0.0074787 0.0272326 0.0508935 0.0037284 0.0074875 0.0396360 0.0331568 0.0357375 0.0112778 0.0112511 0.0074787 0.0231058 0.0112511 0.0190176 0.0037284 0.0074963 0.0231347 0.0112511 0.0192222 0.0075398 0.0112644 0.0265975 0.0037327 0.0112644 0.0112511 0.0052298 0.0151879 0.0112644 0.0074787 0.0074875 0.0113438 0.0115991 0.0075725 0.0037284 0.0074787 0.0074787 0.0037750 0.0074875 0.0074787 0.0074787 0.0075068 0.0074787 0.0291605 0.0288007 0.0270224 0.0272672 0.0083883 0.0312168 0.0232721 0.0079231 0.0075068 0.0074787 0.0074875 0.0112644 0.0074787 0.0112644 0.0112644 0.0307762 0.0484235 0.0378936 0.0374211 0.0074875 0.0044800 0.0112511 0.0188628 0.0191747 0.0113438 0.0150457 0.0037423 0.0119844 0.0074787 0.0160296 0.0409013 0.0160296 0.0150457 0.0265648 0.0113791 0.0112778 0.0037327 0.0113438 0.0074787 0.0074963 0.0112778 0.0074875 0.0151695 0.0075725 0.0075725 0.0074787 0.0075635 0.0355182 0.0112511 0.0074787 0.0074787 0.0112511 0.0074875 0.0112511 0.0164706 0.0037284 0.0074875 0.0074875 0.0120258 0.0375251 0.0272326 0.0037284 0.0126409 0.0113438 0.0112644 0.0423489 0.0508935 0.0112644 0.0074787 0.0396360 0.0116522 0.0047571 0.0077187 0.0231085 0.0113438 0.0112511 0.0152854 0.0395835 0.0041457 0.0074787 0.0074787 0.0355182 0.0038137 0.0074787 0.0112511 0.0074787 0.0314771 0.0074787 0.0075398 0.0074787 0.0112935 0.0074875 0.0037284 0.0304880 0.0074787 0.0074787 0.0074875 0.0074875 0.0074875 0.0037284 0.0074875 0.0074787 0.0075398 0.0074787 0.0074787 0.0232721 0.0074787 0.0074787 0.0112511 0.0074787 0.0112511 
29216      0.0074875 0.0000000 0.0074875 0.0153326 0.0112644 0.0112778 0.0074875 0.0112644 0.0037327 0.0038329 0.0074875 0.0074875 0.0074963 0.0113574 0.0150638 0.0417713 0.0434297 0.0352709 0.0385976 0.0341954 0.0396360 0.0430289 0.0353169 0.0074963 0.0390027 0.0494084 0.0460972 0.0461627 0.0388513 0.0430329 0.0430329 0.0352709 0.0080935 0.0126578 0.0075772 0.0075486 0.0151879 0.0074875 0.0074963 0.0152951 0.0142852 0.0227302 0.0074963 0.0037327 0.0037750 0.0112778 0.0074875 0.0112644 0.0074963 0.0113574 0.0074875 0.0112644 0.0305269 0.0074875 0.0039385 0.0037327 0.0113204 0.0131000 0.0038775 0.0385976 0.0601060 0.0074875 0.0312570 0.0354097 0.0465023 0.0074875 0.0352709 0.0598494 0.0037327 0.0074963 0.0479172 0.0417713 0.0440094 0.0112912 0.0112644 0.0074875 0.0231347 0.0112644 0.0190409 0.0037327 0.0150998 0.0231637 0.0112644 0.0192460 0.0075486 0.0112778 0.0266303 0.0112778 0.0112778 0.0112644 0.0052383 0.0152063 0.0112778 0.0074875 0.0074963 0.0113574 0.0116133 0.0075815 0.0037327 0.0074875 0.0074875 0.0114064 0.0074963 0.0074875 0.0074875 0.0075156 0.0074875 0.0377876 0.0373177 0.0349967 0.0353169 0.0083994 0.0393092 0.0312570 0.0079330 0.0075156 0.0074875 0.0074963 0.0112778 0.0074875 0.0112778 0.0112778 0.0308152 0.0576924 0.0466839 0.0460972 0.0074963 0.0044863 0.0112644 0.0188856 0.0191984 0.0113574 0.0150638 0.0037467 0.0119996 0.0074875 0.0160501 0.0409574 0.0160501 0.0150638 0.0265975 0.0113928 0.0112912 0.0112778 0.0113574 0.0074875 0.0150998 0.0112912 0.0074963 0.0151879 0.0075815 0.0075815 0.0074875 0.0075725 0.0437318 0.0112644 0.0074875 0.0074875 0.0112644 0.0074963 0.0112644 0.0164923 0.0037327 0.0074963 0.0150818 0.0120411 0.0462253 0.0352709 0.0037327 0.0126578 0.0113574 0.0112778 0.0473010 0.0598494 0.0112778 0.0074875 0.0479172 0.0116666 0.0047642 0.0077280 0.0231370 0.0113574 0.0112644 0.0153041 0.0478524 0.0041511 0.0074875 0.0074875 0.0437318 0.0038182 0.0074875 0.0112644 0.0074875 0.0396360 0.0074875 0.0075486 0.0074875 0.0113069 0.0074963 0.0037327 0.0305269 0.0074875 0.0074875 0.0074963 0.0074963 0.0074963 0.0037327 0.0074963 0.0074875 0.0075486 0.0074875 0.0074875 0.0312570 0.0074875 0.0074875 0.0112644 0.0074875 0.0112644 
29217      0.0074787 0.0074875 0.0000000 0.0153138 0.0112511 0.0112644 0.0074787 0.0112511 0.0037284 0.0038283 0.0074787 0.0074787 0.0074875 0.0113438 0.0150457 0.0417128 0.0433721 0.0352252 0.0385424 0.0341471 0.0395835 0.0429667 0.0352709 0.0074875 0.0389520 0.0493330 0.0460320 0.0460972 0.0388009 0.0429763 0.0429763 0.0352252 0.0080832 0.0126409 0.0075684 0.0075398 0.0151695 0.0074787 0.0074875 0.0190176 0.0142637 0.0227024 0.0074875 0.0037284 0.0037706 0.0112644 0.0074787 0.0112511 0.0074875 0.0113438 0.0074787 0.0112511 0.0304880 0.0074787 0.0039337 0.0037284 0.0113069 0.0130819 0.0038728 0.0385424 0.0600168 0.0074787 0.0312168 0.0353635 0.0464359 0.0074787 0.0352252 0.0597609 0.0037284 0.0074875 0.0478524 0.0417128 0.0439501 0.0112778 0.0112511 0.0074787 0.0231058 0.0112511 0.0190176 0.0037284 0.0150818 0.0231347 0.0112511 0.0192222 0.0075398 0.0112644 0.0265975 0.0112644 0.0112644 0.0112511 0.0052298 0.0151879 0.0112644 0.0074787 0.0074875 0.0113438 0.0115991 0.0075725 0.0037284 0.0074787 0.0074787 0.0113928 0.0074875 0.0074787 0.0074787 0.0075068 0.0074787 0.0377348 0.0372663 0.0349517 0.0352709 0.0083883 0.0392577 0.0312168 0.0079231 0.0075068 0.0074787 0.0074875 0.0112644 0.0074787 0.0112644 0.0112644 0.0307762 0.0576043 0.0466169 0.0460320 0.0074875 0.0044800 0.0112511 0.0188628 0.0191747 0.0113438 0.0150457 0.0037423 0.0119844 0.0074787 0.0160296 0.0409013 0.0160296 0.0150457 0.0265648 0.0113791 0.0112778 0.0112644 0.0113438 0.0074787 0.0150818 0.0112778 0.0074875 0.0151695 0.0075725 0.0075725 0.0074787 0.0075635 0.0436733 0.0112511 0.0074787 0.0074787 0.0112511 0.0074875 0.0112511 0.0164706 0.0037284 0.0074875 0.0150638 0.0120258 0.0461597 0.0352252 0.0037284 0.0126409 0.0113438 0.0112644 0.0423489 0.0597609 0.0112644 0.0074787 0.0478524 0.0116522 0.0047571 0.0077187 0.0231085 0.0113438 0.0112511 0.0152854 0.0477878 0.0041457 0.0074787 0.0074787 0.0436733 0.0038137 0.0074787 0.0112511 0.0074787 0.0395835 0.0074787 0.0075398 0.0074787 0.0112935 0.0074875 0.0037284 0.0304880 0.0074787 0.0074787 0.0074875 0.0074875 0.0074875 0.0037284 0.0074875 0.0074787 0.0075398 0.0074787 0.0074787 0.0312168 0.0074787 0.0074787 0.0112511 0.0074787 0.0112511 
891944     0.0153138 0.0153326 0.0153138 0.0000000 0.0191984 0.0192222 0.0153138 0.0191984 0.0114519 0.0117662 0.0153138 0.0153138 0.0153326 0.0193585 0.0231058 0.0513430 0.0525028 0.0440971 0.0483554 0.0438152 0.0486563 0.0529254 0.0441567 0.0153326 0.0478668 0.0599066 0.0558004 0.0558828 0.0476769 0.0520115 0.0520115 0.0440971 0.0122877 0.0172256 0.0155017 0.0075486 0.0232980 0.0153138 0.0153326 0.0272605 0.0193183 0.0309898 0.0153326 0.0114519 0.0115845 0.0192222 0.0153138 0.0191984 0.0153326 0.0193585 0.0153138 0.0191984 0.0390178 0.0153138 0.0120983 0.0114519 0.0192964 0.0224082 0.0119063 0.0483554 0.0703714 0.0153138 0.0399678 0.0442743 0.0562958 0.0153138 0.0440971 0.0700641 0.0114519 0.0153326 0.0571884 0.0513430 0.0532201 0.0192460 0.0191984 0.0153138 0.0074787 0.0191984 0.0272605 0.0114519 0.0231637 0.0074875 0.0191984 0.0037327 0.0154419 0.0192222 0.0350117 0.0192222 0.0192222 0.0191984 0.0052898 0.0233274 0.0192222 0.0153138 0.0153326 0.0193585 0.0198066 0.0155109 0.0114519 0.0153138 0.0153138 0.0194464 0.0153326 0.0153138 0.0153138 0.0153727 0.0153138 0.0473170 0.0467151 0.0437468 0.0441567 0.0172256 0.0482512 0.0399678 0.0162465 0.0153727 0.0153138 0.0153326 0.0192222 0.0153138 0.0192222 0.0192222 0.0393914 0.0682422 0.0565269 0.0558004 0.0153326 0.0090940 0.0191984 0.0270362 0.0112644 0.0193585 0.0231058 0.0114958 0.0204815 0.0153138 0.0246550 0.0503265 0.0246550 0.0231058 0.0349667 0.0194221 0.0114519 0.0192222 0.0193585 0.0153138 0.0231637 0.0192460 0.0153326 0.0232980 0.0155109 0.0155109 0.0153138 0.0154917 0.0528695 0.0191984 0.0153138 0.0153138 0.0191984 0.0153326 0.0191984 0.0253499 0.0114519 0.0153326 0.0231347 0.0205512 0.0559576 0.0440971 0.0114519 0.0172256 0.0193585 0.0192222 0.0583162 0.0700641 0.0192222 0.0153138 0.0571884 0.0198974 0.0147070 0.0158175 0.0315590 0.0193585 0.0191984 0.0234802 0.0571081 0.0084728 0.0153138 0.0153138 0.0528695 0.0117203 0.0153138 0.0191984 0.0153138 0.0486563 0.0153138 0.0154419 0.0153138 0.0192724 0.0153326 0.0114519 0.0390178 0.0153138 0.0153138 0.0153326 0.0153326 0.0153326 0.0114519 0.0153326 0.0153138 0.0154419 0.0153138 0.0153138 0.0399678 0.0153138 0.0153138 0.0191984 0.0153138 0.0191984 
697897     0.0112511 0.0112644 0.0112511 0.0191984 0.0000000 0.0150638 0.0112511 0.0150457 0.0074787 0.0076797 0.0112511 0.0112511 0.0112644 0.0151695 0.0188628 0.0460320 0.0474597 0.0392577 0.0341471 0.0385424 0.0436733 0.0385424 0.0393092 0.0112644 0.0429763 0.0540040 0.0503790 0.0504512 0.0428092 0.0470249 0.0470249 0.0392577 0.0121634 0.0169106 0.0113869 0.0113438 0.0190176 0.0112511 0.0112644 0.0228883 0.0190897 0.0188628 0.0112644 0.0074787 0.0075635 0.0074875 0.0112511 0.0074787 0.0112644 0.0151695 0.0112511 0.0150457 0.0265975 0.0112511 0.0078918 0.0074787 0.0151207 0.0086914 0.0077692 0.0341471 0.0645136 0.0112511 0.0352252 0.0394123 0.0508200 0.0112511 0.0392577 0.0642377 0.0074787 0.0112644 0.0519980 0.0460320 0.0480946 0.0113574 0.0150457 0.0112511 0.0191984 0.0150457 0.0228883 0.0074787 0.0189084 0.0270704 0.0150457 0.0231347 0.0113438 0.0150638 0.0227302 0.0150638 0.0150638 0.0150457 0.0105027 0.0190409 0.0150638 0.0112511 0.0112644 0.0151695 0.0155125 0.0076261 0.0074787 0.0112511 0.0112511 0.0114740 0.0112644 0.0112511 0.0112511 0.0112935 0.0112511 0.0420635 0.0415396 0.0389520 0.0393092 0.0041804 0.0433146 0.0352252 0.0119218 0.0112935 0.0112511 0.0112644 0.0074875 0.0112511 0.0074875 0.0150638 0.0347267 0.0622400 0.0510212 0.0503790 0.0112644 0.0089917 0.0150457 0.0227024 0.0152951 0.0151695 0.0188628 0.0075068 0.0160296 0.0037284 0.0201004 0.0366933 0.0201004 0.0112511 0.0227024 0.0152175 0.0150818 0.0150638 0.0151695 0.0112511 0.0189084 0.0150818 0.0112644 0.0190176 0.0076261 0.0076261 0.0112511 0.0113791 0.0477878 0.0074787 0.0112511 0.0112511 0.0074787 0.0112644 0.0150457 0.0206549 0.0074787 0.0112644 0.0112644 0.0160842 0.0505187 0.0392577 0.0074787 0.0169106 0.0075398 0.0150638 0.0521370 0.0642377 0.0074875 0.0112511 0.0519980 0.0155831 0.0095499 0.0116133 0.0270418 0.0151695 0.0150457 0.0191633 0.0519271 0.0083186 0.0112511 0.0112511 0.0477878 0.0076503 0.0112511 0.0150457 0.0112511 0.0436733 0.0037284 0.0113438 0.0112511 0.0151026 0.0112644 0.0074787 0.0265975 0.0112511 0.0112511 0.0112644 0.0112644 0.0112644 0.0074787 0.0112644 0.0112511 0.0113438 0.0112511 0.0112511 0.0352252 0.0112511 0.0112511 0.0150457 0.0112511 0.0074787 
891945     0.0037327 0.0112778 0.0112644 0.0192222 0.0150638 0.0000000 0.0112644 0.0150638 0.0074875 0.0076890 0.0112644 0.0112644 0.0112778 0.0151879 0.0188856 0.0374730 0.0352709 0.0272326 0.0297806 0.0254426 0.0314771 0.0341471 0.0272672 0.0112778 0.0349967 0.0400866 0.0417713 0.0418299 0.0348612 0.0390027 0.0390027 0.0272326 0.0121791 0.0169334 0.0114006 0.0113574 0.0190409 0.0112644 0.0112778 0.0229167 0.0000010 0.0265975 0.0112778 0.0074875 0.0075725 0.0150818 0.0112644 0.0150638 0.0112778 0.0151879 0.0112644 0.0150638 0.0344461 0.0112644 0.0079016 0.0074875 0.0151389 0.0175270 0.0077787 0.0297806 0.0556307 0.0112644 0.0232721 0.0273389 0.0421392 0.0112644 0.0272326 0.0553939 0.0074875 0.0112778 0.0396360 0.0374730 0.0357375 0.0150998 0.0150638 0.0112644 0.0270704 0.0150638 0.0229167 0.0074875 0.0037327 0.0271046 0.0150638 0.0231637 0.0113574 0.0150818 0.0305269 0.0074963 0.0113574 0.0150638 0.0105201 0.0153138 0.0113574 0.0112644 0.0112778 0.0151879 0.0155317 0.0075725 0.0074875 0.0112644 0.0112644 0.0037750 0.0112778 0.0112644 0.0112644 0.0113069 0.0112644 0.0291605 0.0330651 0.0310147 0.0272672 0.0126409 0.0312168 0.0232721 0.0119368 0.0113069 0.0112644 0.0112778 0.0150818 0.0112644 0.0150818 0.0150818 0.0347712 0.0530790 0.0378936 0.0417713 0.0037284 0.0090045 0.0150638 0.0227302 0.0231058 0.0151879 0.0188856 0.0075156 0.0160501 0.0112644 0.0201262 0.0451989 0.0201262 0.0188856 0.0304880 0.0152359 0.0150998 0.0074963 0.0151879 0.0112644 0.0037327 0.0074875 0.0112778 0.0190409 0.0075725 0.0075725 0.0112644 0.0113928 0.0355182 0.0150638 0.0112644 0.0112644 0.0150638 0.0112778 0.0150638 0.0206824 0.0074875 0.0112778 0.0112778 0.0161050 0.0418874 0.0272326 0.0074875 0.0169334 0.0151879 0.0150818 0.0473010 0.0553939 0.0150818 0.0112644 0.0396360 0.0156025 0.0047571 0.0116275 0.0270769 0.0151879 0.0150638 0.0191870 0.0395835 0.0083294 0.0112644 0.0112644 0.0355182 0.0076595 0.0112644 0.0150638 0.0112644 0.0314771 0.0112644 0.0113574 0.0112644 0.0151207 0.0112778 0.0074875 0.0344461 0.0112644 0.0112644 0.0112778 0.0112778 0.0112778 0.0074875 0.0112778 0.0112644 0.0113574 0.0112644 0.0112644 0.0232721 0.0112644 0.0112644 0.0150638 0.0112644 0.0150638 
29739      0.0074787 0.0074875 0.0074787 0.0153138 0.0112511 0.0112644 0.0000000 0.0112511 0.0037284 0.0038283 0.0074787 0.0074787 0.0074875 0.0113438 0.0074787 0.0417128 0.0433721 0.0352252 0.0385424 0.0341471 0.0395835 0.0429667 0.0352709 0.0074875 0.0389520 0.0493330 0.0460320 0.0460972 0.0388009 0.0429763 0.0429763 0.0352252 0.0080832 0.0126409 0.0075684 0.0075398 0.0151695 0.0074787 0.0074875 0.0190176 0.0142637 0.0227024 0.0074875 0.0037284 0.0037706 0.0112644 0.0074787 0.0112511 0.0074875 0.0113438 0.0074787 0.0112511 0.0304880 0.0074787 0.0039337 0.0037284 0.0113069 0.0130819 0.0038728 0.0385424 0.0600168 0.0074787 0.0312168 0.0353635 0.0464359 0.0074787 0.0352252 0.0597609 0.0037284 0.0074875 0.0478524 0.0417128 0.0439501 0.0112778 0.0037284 0.0074787 0.0231058 0.0112511 0.0190176 0.0037284 0.0150818 0.0231347 0.0112511 0.0192222 0.0075398 0.0112644 0.0265975 0.0112644 0.0112644 0.0112511 0.0000010 0.0151879 0.0112644 0.0074787 0.0074875 0.0113438 0.0038430 0.0075725 0.0037284 0.0074787 0.0074787 0.0113928 0.0074875 0.0074787 0.0074787 0.0075068 0.0074787 0.0377348 0.0372663 0.0349517 0.0352709 0.0083883 0.0392577 0.0312168 0.0079231 0.0075068 0.0074787 0.0074875 0.0112644 0.0074787 0.0112644 0.0112644 0.0307762 0.0576043 0.0466169 0.0460320 0.0074875 0.0000010 0.0037284 0.0188628 0.0191747 0.0113438 0.0150457 0.0037423 0.0119844 0.0074787 0.0160296 0.0409013 0.0160296 0.0150457 0.0265648 0.0113791 0.0112778 0.0112644 0.0113438 0.0074787 0.0150818 0.0112778 0.0074875 0.0075398 0.0075725 0.0075725 0.0074787 0.0075635 0.0436733 0.0112511 0.0074787 0.0074787 0.0112511 0.0074875 0.0112511 0.0164706 0.0037284 0.0074875 0.0150638 0.0120258 0.0461597 0.0352252 0.0037284 0.0126409 0.0113438 0.0112644 0.0472253 0.0597609 0.0112644 0.0074787 0.0478524 0.0116522 0.0000010 0.0077187 0.0231085 0.0113438 0.0112511 0.0152854 0.0477878 0.0041457 0.0074787 0.0074787 0.0436733 0.0038137 0.0074787 0.0112511 0.0074787 0.0395835 0.0074787 0.0075398 0.0074787 0.0112935 0.0074875 0.0037284 0.0304880 0.0074787 0.0074787 0.0074875 0.0074875 0.0074875 0.0037284 0.0074875 0.0074787 0.0075398 0.0074787 0.0074787 0.0312168 0.0074787 0.0074787 0.0112511 0.0074787 0.0112511 
891946     0.0112511 0.0112644 0.0112511 0.0191984 0.0150457 0.0150638 0.0112511 0.0000000 0.0074787 0.0076797 0.0112511 0.0112511 0.0112644 0.0151695 0.0188628 0.0460320 0.0474597 0.0392577 0.0385424 0.0385424 0.0436733 0.0429667 0.0393092 0.0112644 0.0429763 0.0540040 0.0503790 0.0504512 0.0428092 0.0470249 0.0389520 0.0392577 0.0121634 0.0169106 0.0113869 0.0113438 0.0190176 0.0112511 0.0112644 0.0228883 0.0142637 0.0265648 0.0112644 0.0074787 0.0075635 0.0150638 0.0112511 0.0150457 0.0112644 0.0151695 0.0112511 0.0150457 0.0344016 0.0112511 0.0078918 0.0074787 0.0151207 0.0130819 0.0077692 0.0429667 0.0645136 0.0112511 0.0352252 0.0394123 0.0508200 0.0112511 0.0392577 0.0642377 0.0074787 0.0112644 0.0519980 0.0460320 0.0480946 0.0150818 0.0150457 0.0112511 0.0270362 0.0150457 0.0228883 0.0074787 0.0189084 0.0270704 0.0150457 0.0231347 0.0113438 0.0150638 0.0304880 0.0150638 0.0150638 0.0150457 0.0052298 0.0190409 0.0150638 0.0112511 0.0112644 0.0151695 0.0155125 0.0113928 0.0074787 0.0112511 0.0112511 0.0152359 0.0112644 0.0112511 0.0112511 0.0112935 0.0112511 0.0420635 0.0415396 0.0389520 0.0393092 0.0083883 0.0433146 0.0352252 0.0119218 0.0112935 0.0112511 0.0112644 0.0150638 0.0112511 0.0150638 0.0150638 0.0347267 0.0622400 0.0510212 0.0503790 0.0112644 0.0089917 0.0074787 0.0150457 0.0230770 0.0151695 0.0112511 0.0075068 0.0160296 0.0112511 0.0201004 0.0451362 0.0201004 0.0188628 0.0304501 0.0152175 0.0150818 0.0150638 0.0151695 0.0112511 0.0189084 0.0150818 0.0112644 0.0190176 0.0113928 0.0113928 0.0112511 0.0113791 0.0477878 0.0150457 0.0112511 0.0112511 0.0150457 0.0112644 0.0150457 0.0164706 0.0074787 0.0112644 0.0188856 0.0160842 0.0505187 0.0392577 0.0074787 0.0169106 0.0151695 0.0150638 0.0521370 0.0642377 0.0150638 0.0112511 0.0519980 0.0155831 0.0095499 0.0116133 0.0270418 0.0151695 0.0150457 0.0191633 0.0519271 0.0041457 0.0112511 0.0112511 0.0477878 0.0076503 0.0112511 0.0150457 0.0037284 0.0436733 0.0112511 0.0113438 0.0112511 0.0151026 0.0112644 0.0074787 0.0344016 0.0112511 0.0037284 0.0112644 0.0112644 0.0112644 0.0074787 0.0112644 0.0112511 0.0113438 0.0112511 0.0112511 0.0352252 0.0112511 0.0112511 0.0150457 0.0112511 0.0150457 
891947     0.0037284 0.0037327 0.0037284 0.0114519 0.0074787 0.0074875 0.0037284 0.0074787 0.0000000 0.0000010 0.0037284 0.0037284 0.0037327 0.0075398 0.0112511 0.0374211 0.0393092 0.0312168 0.0341471 0.0297806 0.0355182 0.0385424 0.0312570 0.0037327 0.0349517 0.0446940 0.0417128 0.0417713 0.0348165 0.0389520 0.0389520 0.0312168 0.0040288 0.0083994 0.0037732 0.0037590 0.0113438 0.0037284 0.0037327 0.0151695 0.0094737 0.0188628 0.0037327 0.0000010 0.0000010 0.0074875 0.0037284 0.0074787 0.0037327 0.0075398 0.0037284 0.0074787 0.0265975 0.0037284 0.0000010 0.0000010 0.0075156 0.0086914 0.0000010 0.0341471 0.0555490 0.0037284 0.0272326 0.0313391 0.0420796 0.0037284 0.0312168 0.0553129 0.0000010 0.0037327 0.0437318 0.0374211 0.0398312 0.0074963 0.0074787 0.0037284 0.0191984 0.0074787 0.0151695 0.0000010 0.0112778 0.0192222 0.0074787 0.0153326 0.0037590 0.0074875 0.0227302 0.0074875 0.0074875 0.0074787 0.0000010 0.0113574 0.0074875 0.0037284 0.0037327 0.0075398 0.0077093 0.0037750 0.0000010 0.0037284 0.0037284 0.0075725 0.0037327 0.0037284 0.0037284 0.0037423 0.0037284 0.0334339 0.0330200 0.0309752 0.0312570 0.0041804 0.0352252 0.0272326 0.0039492 0.0037423 0.0037284 0.0037327 0.0074875 0.0037284 0.0074875 0.0074875 0.0268490 0.0529989 0.0422411 0.0417128 0.0037327 0.0000010 0.0074787 0.0150457 0.0152951 0.0075398 0.0112511 0.0000010 0.0079646 0.0037284 0.0119844 0.0366933 0.0119844 0.0112511 0.0227024 0.0075635 0.0074963 0.0074875 0.0075398 0.0037284 0.0112778 0.0074963 0.0037327 0.0113438 0.0037750 0.0037750 0.0037284 0.0037706 0.0395835 0.0074787 0.0037284 0.0037284 0.0074787 0.0037327 0.0074787 0.0123132 0.0000010 0.0037327 0.0112644 0.0079917 0.0418286 0.0312168 0.0000010 0.0083994 0.0075398 0.0074875 0.0423489 0.0553129 0.0074875 0.0037284 0.0437318 0.0077442 0.0000010 0.0038476 0.0191988 0.0075398 0.0074787 0.0114302 0.0436733 0.0000010 0.0037284 0.0037284 0.0395835 0.0000010 0.0037284 0.0074787 0.0037284 0.0355182 0.0037284 0.0037590 0.0037284 0.0075068 0.0037327 0.0000010 0.0265975 0.0037284 0.0037284 0.0037327 0.0037327 0.0037327 0.0000010 0.0037327 0.0037284 0.0037590 0.0037284 0.0037284 0.0272326 0.0037284 0.0037284 0.0074787 0.0037284 0.0074787 
891948     0.0038283 0.0038329 0.0038283 0.0117662 0.0076797 0.0076890 0.0038283 0.0076797 0.0000010 0.0000000 0.0038283 0.0038283 0.0038329 0.0077442 0.0115544 0.0341471 0.0362655 0.0279947 0.0306943 0.0297806 0.0323680 0.0351983 0.0280314 0.0038329 0.0318378 0.0446940 0.0385424 0.0385976 0.0317116 0.0359279 0.0359279 0.0279947 0.0041457 0.0086538 0.0038755 0.0038605 0.0116522 0.0038283 0.0038329 0.0155831 0.0097986 0.0193744 0.0038329 0.0000010 0.0000010 0.0076890 0.0038283 0.0076797 0.0038329 0.0077442 0.0000010 0.0076797 0.0273243 0.0038283 0.0000010 0.0000010 0.0077187 0.0089641 0.0000010 0.0341471 0.0526788 0.0038283 0.0239214 0.0281071 0.0388919 0.0038283 0.0279947 0.0524488 0.0000010 0.0038329 0.0407661 0.0341471 0.0242109 0.0076983 0.0076797 0.0000010 0.0197285 0.0076797 0.0116522 0.0000010 0.0115826 0.0157552 0.0076797 0.0157552 0.0038605 0.0076890 0.0233493 0.0076890 0.0076890 0.0076797 0.0000010 0.0116666 0.0076890 0.0038283 0.0038329 0.0077442 0.0079231 0.0038775 0.0000010 0.0038283 0.0038283 0.0077787 0.0038329 0.0038283 0.0038283 0.0038430 0.0038283 0.0300361 0.0296545 0.0277726 0.0280314 0.0043064 0.0320931 0.0239214 0.0040615 0.0038430 0.0038283 0.0038329 0.0076890 0.0038283 0.0076890 0.0076890 0.0275896 0.0499600 0.0390438 0.0385424 0.0038329 0.0000010 0.0076797 0.0154526 0.0157156 0.0077442 0.0115544 0.0000010 0.0081930 0.0038283 0.0123292 0.0377713 0.0123292 0.0115544 0.0233201 0.0077692 0.0076983 0.0076890 0.0077442 0.0038283 0.0115826 0.0076983 0.0038329 0.0116522 0.0038775 0.0038775 0.0038283 0.0038728 0.0365264 0.0076797 0.0038283 0.0038283 0.0076797 0.0038329 0.0076797 0.0084237 0.0000010 0.0038329 0.0115685 0.0079917 0.0386526 0.0279947 0.0000010 0.0086538 0.0077442 0.0076890 0.0387796 0.0524488 0.0076890 0.0038283 0.0365758 0.0079599 0.0000010 0.0039541 0.0197292 0.0077442 0.0076797 0.0117434 0.0407105 0.0000010 0.0038283 0.0038283 0.0365264 0.0000010 0.0038283 0.0076797 0.0038283 0.0323680 0.0038283 0.0038605 0.0038283 0.0077093 0.0038329 0.0000010 0.0273243 0.0038283 0.0038283 0.0038329 0.0038329 0.0038329 0.0000010 0.0038329 0.0038283 0.0038605 0.0038283 0.0038283 0.0239214 0.0038283 0.0038283 0.0076797 0.0038283 0.0076797 
89135      0.0074787 0.0074875 0.0074787 0.0153138 0.0112511 0.0112644 0.0074787 0.0112511 0.0037284 0.0038283 0.0000000 0.0074787 0.0074875 0.0113438 0.0150457 0.0417128 0.0433721 0.0352252 0.0341471 0.0341471 0.0395835 0.0385424 0.0352709 0.0074875 0.0389520 0.0493330 0.0460320 0.0460972 0.0388009 0.0429763 0.0429763 0.0352252 0.0000010 0.0126409 0.0075684 0.0075398 0.0151695 0.0074787 0.0074875 0.0190176 0.0142637 0.0227024 0.0074875 0.0037284 0.0037706 0.0112644 0.0074787 0.0112511 0.0074875 0.0113438 0.0074787 0.0112511 0.0304880 0.0074787 0.0039337 0.0037284 0.0113069 0.0130819 0.0038728 0.0385424 0.0600168 0.0074787 0.0312168 0.0353635 0.0464359 0.0074787 0.0352252 0.0597609 0.0037284 0.0074875 0.0478524 0.0417128 0.0439501 0.0112778 0.0112511 0.0074787 0.0231058 0.0112511 0.0190176 0.0037284 0.0150818 0.0231347 0.0112511 0.0192222 0.0075398 0.0112644 0.0265975 0.0112644 0.0112644 0.0112511 0.0052298 0.0151879 0.0112644 0.0074787 0.0074875 0.0113438 0.0115991 0.0075725 0.0037284 0.0074787 0.0074787 0.0113928 0.0074875 0.0074787 0.0074787 0.0075068 0.0074787 0.0377348 0.0372663 0.0349517 0.0352709 0.0041804 0.0392577 0.0312168 0.0079231 0.0075068 0.0074787 0.0074875 0.0112644 0.0074787 0.0112644 0.0112644 0.0307762 0.0576043 0.0466169 0.0460320 0.0074875 0.0044800 0.0112511 0.0188628 0.0191747 0.0113438 0.0150457 0.0037423 0.0119844 0.0074787 0.0160296 0.0409013 0.0160296 0.0150457 0.0265648 0.0113791 0.0112778 0.0112644 0.0113438 0.0074787 0.0150818 0.0112778 0.0074875 0.0151695 0.0075725 0.0075725 0.0074787 0.0075635 0.0436733 0.0112511 0.0074787 0.0074787 0.0112511 0.0074875 0.0112511 0.0164706 0.0037284 0.0074875 0.0150638 0.0120258 0.0461597 0.0352252 0.0037284 0.0126409 0.0113438 0.0112644 0.0472253 0.0597609 0.0112644 0.0074787 0.0478524 0.0116522 0.0047571 0.0077187 0.0231085 0.0113438 0.0112511 0.0152854 0.0477878 0.0041457 0.0074787 0.0074787 0.0436733 0.0038137 0.0074787 0.0112511 0.0074787 0.0395835 0.0074787 0.0075398 0.0074787 0.0112935 0.0074875 0.0037284 0.0304880 0.0074787 0.0074787 0.0074875 0.0074875 0.0074875 0.0037284 0.0074875 0.0074787 0.0075398 0.0074787 0.0074787 0.0312168 0.0074787 0.0074787 0.0112511 0.0074787 0.0112511 
891949     0.0074787 0.0074875 0.0074787 0.0153138 0.0112511 0.0112644 0.0074787 0.0112511 0.0037284 0.0038283 0.0074787 0.0000000 0.0074875 0.0113438 0.0150457 0.0417128 0.0433721 0.0352252 0.0385424 0.0341471 0.0395835 0.0429667 0.0352709 0.0074875 0.0389520 0.0493330 0.0460320 0.0460972 0.0388009 0.0429763 0.0429763 0.0352252 0.0080832 0.0126409 0.0075684 0.0075398 0.0112644 0.0074787 0.0074875 0.0190176 0.0142637 0.0227024 0.0069659 0.0037284 0.0037706 0.0104776 0.0074787 0.0112511 0.0074875 0.0074875 0.0074787 0.0112511 0.0304880 0.0074787 0.0039337 0.0037284 0.0113069 0.0130819 0.0038728 0.0385424 0.0600168 0.0074787 0.0312168 0.0353635 0.0464359 0.0074787 0.0352252 0.0597609 0.0037284 0.0074875 0.0478524 0.0417128 0.0439501 0.0112778 0.0112511 0.0074787 0.0231058 0.0112511 0.0190176 0.0037284 0.0150818 0.0231347 0.0112511 0.0192222 0.0075398 0.0112644 0.0265975 0.0112644 0.0112644 0.0112511 0.0052298 0.0151879 0.0112644 0.0074787 0.0074875 0.0113438 0.0115991 0.0075725 0.0037284 0.0074787 0.0074787 0.0113928 0.0074875 0.0074787 0.0074787 0.0075068 0.0074787 0.0377348 0.0372663 0.0349517 0.0352709 0.0083883 0.0392577 0.0312168 0.0079231 0.0075068 0.0074787 0.0074875 0.0112644 0.0074787 0.0112644 0.0112644 0.0266642 0.0576043 0.0466169 0.0460320 0.0074875 0.0044800 0.0112511 0.0188628 0.0191747 0.0113438 0.0150457 0.0037423 0.0119844 0.0074787 0.0079646 0.0409013 0.0160296 0.0150457 0.0265648 0.0113791 0.0112778 0.0112644 0.0113438 0.0074787 0.0150818 0.0112778 0.0074875 0.0151695 0.0075725 0.0075725 0.0074787 0.0075635 0.0393092 0.0112511 0.0074787 0.0074787 0.0112511 0.0074875 0.0112511 0.0164706 0.0037284 0.0074875 0.0150638 0.0120258 0.0461597 0.0352252 0.0037284 0.0126409 0.0113438 0.0112644 0.0472253 0.0597609 0.0112644 0.0074787 0.0434297 0.0116522 0.0000010 0.0077187 0.0231085 0.0113438 0.0112511 0.0152854 0.0433721 0.0041457 0.0074787 0.0074787 0.0393092 0.0038137 0.0074787 0.0112511 0.0074787 0.0352709 0.0074787 0.0075398 0.0074787 0.0112935 0.0074875 0.0037284 0.0304880 0.0074787 0.0074787 0.0074875 0.0074875 0.0074875 0.0037284 0.0074875 0.0074787 0.0075398 0.0074787 0.0000010 0.0312168 0.0074787 0.0074787 0.0112511 0.0074787 0.0112511 
891950     0.0074875 0.0074963 0.0074875 0.0153326 0.0112644 0.0112778 0.0074875 0.0112644 0.0037327 0.0038329 0.0074875 0.0074875 0.0000000 0.0113574 0.0150638 0.0417713 0.0434297 0.0352709 0.0385976 0.0341954 0.0396360 0.0430289 0.0353169 0.0074963 0.0390027 0.0494084 0.0460972 0.0461627 0.0388513 0.0430329 0.0430329 0.0352709 0.0080935 0.0083994 0.0075772 0.0075486 0.0151879 0.0074875 0.0074963 0.0190409 0.0142852 0.0227302 0.0074963 0.0037327 0.0037750 0.0112778 0.0074875 0.0112644 0.0074963 0.0113574 0.0074875 0.0112644 0.0305269 0.0074875 0.0039385 0.0037327 0.0113204 0.0131000 0.0038775 0.0385976 0.0601060 0.0074875 0.0312570 0.0354097 0.0465023 0.0074875 0.0352709 0.0598494 0.0037327 0.0074963 0.0479172 0.0417713 0.0440094 0.0112912 0.0112644 0.0074875 0.0231347 0.0112644 0.0190409 0.0037327 0.0150998 0.0231637 0.0112644 0.0192460 0.0075486 0.0112778 0.0266303 0.0112778 0.0112778 0.0112644 0.0052383 0.0152063 0.0112778 0.0074875 0.0074963 0.0113574 0.0116133 0.0075815 0.0037327 0.0074875 0.0074875 0.0114064 0.0074963 0.0074875 0.0074875 0.0075156 0.0074875 0.0377876 0.0373177 0.0349967 0.0353169 0.0083994 0.0393092 0.0312570 0.0079330 0.0075156 0.0074875 0.0074963 0.0112778 0.0074875 0.0112778 0.0112778 0.0308152 0.0576924 0.0466839 0.0460972 0.0074963 0.0044863 0.0112644 0.0188856 0.0191984 0.0113574 0.0150638 0.0037467 0.0039649 0.0074875 0.0079546 0.0324676 0.0079546 0.0150638 0.0265975 0.0113928 0.0112912 0.0112778 0.0113574 0.0074875 0.0150998 0.0112912 0.0074963 0.0112511 0.0075815 0.0075815 0.0074875 0.0075725 0.0437318 0.0112644 0.0074875 0.0074875 0.0112644 0.0074963 0.0112644 0.0164923 0.0037327 0.0074963 0.0150818 0.0120411 0.0462253 0.0352709 0.0037327 0.0083994 0.0113574 0.0112778 0.0473010 0.0598494 0.0112778 0.0074875 0.0479172 0.0116666 0.0047642 0.0077280 0.0231370 0.0113574 0.0112644 0.0153041 0.0478524 0.0041511 0.0074875 0.0074875 0.0437318 0.0038182 0.0074875 0.0112644 0.0074875 0.0396360 0.0074875 0.0075486 0.0074875 0.0113069 0.0074963 0.0037327 0.0305269 0.0074875 0.0074875 0.0074963 0.0074963 0.0074963 0.0037188 0.0074963 0.0074875 0.0075486 0.0074875 0.0074875 0.0312570 0.0074875 0.0074875 0.0112644 0.0074875 0.0112644 
891951     0.0113438 0.0113574 0.0113438 0.0193585 0.0151695 0.0151879 0.0113438 0.0151695 0.0075398 0.0077442 0.0113438 0.0113438 0.0113574 0.0000000 0.0113438 0.0417128 0.0478524 0.0395835 0.0433554 0.0388919 0.0440376 0.0478482 0.0396360 0.0113574 0.0433296 0.0493330 0.0460320 0.0460972 0.0431597 0.0474106 0.0474106 0.0395835 0.0081546 0.0170668 0.0114818 0.0114380 0.0114380 0.0113438 0.0113574 0.0230770 0.0142637 0.0267819 0.0113574 0.0075398 0.0076261 0.0151879 0.0113438 0.0151695 0.0113574 0.0076033 0.0113438 0.0151695 0.0346824 0.0113438 0.0039337 0.0075398 0.0152457 0.0130819 0.0078352 0.0433554 0.0600168 0.0113438 0.0355182 0.0397407 0.0464359 0.0113438 0.0395835 0.0597609 0.0075398 0.0113574 0.0524304 0.0417128 0.0484976 0.0152063 0.0075398 0.0113438 0.0272605 0.0151695 0.0230770 0.0075398 0.0190643 0.0272953 0.0075398 0.0233274 0.0114380 0.0151879 0.0307373 0.0151879 0.0151879 0.0151695 0.0052298 0.0191984 0.0151879 0.0113438 0.0113574 0.0000010 0.0077743 0.0114879 0.0075398 0.0037590 0.0113438 0.0153628 0.0113574 0.0113438 0.0113438 0.0113869 0.0113438 0.0377348 0.0372663 0.0392729 0.0396360 0.0127407 0.0436733 0.0355182 0.0120258 0.0113869 0.0113438 0.0113574 0.0151879 0.0113438 0.0151879 0.0075486 0.0270704 0.0576043 0.0466169 0.0460320 0.0113574 0.0044800 0.0151695 0.0228883 0.0232687 0.0152951 0.0112587 0.0075684 0.0161701 0.0113438 0.0202761 0.0455252 0.0202761 0.0190176 0.0306984 0.0153440 0.0152063 0.0151879 0.0000010 0.0113438 0.0190643 0.0152063 0.0113574 0.0114380 0.0114879 0.0114879 0.0113438 0.0114740 0.0481855 0.0151695 0.0113438 0.0113438 0.0151695 0.0113574 0.0151695 0.0208402 0.0075398 0.0113574 0.0190409 0.0162254 0.0461597 0.0395835 0.0075398 0.0170668 0.0152951 0.0151879 0.0472253 0.0597609 0.0151879 0.0113438 0.0524304 0.0157156 0.0096505 0.0117121 0.0272672 0.0152951 0.0151695 0.0193229 0.0523583 0.0083941 0.0113438 0.0113438 0.0481855 0.0077143 0.0113438 0.0151695 0.0113438 0.0440376 0.0113438 0.0114380 0.0113438 0.0152272 0.0113574 0.0075398 0.0346824 0.0113438 0.0113438 0.0113574 0.0113574 0.0113574 0.0075398 0.0113574 0.0113438 0.0114380 0.0113438 0.0113438 0.0355182 0.0113438 0.0113438 0.0151695 0.0113438 0.0151695 
891952     0.0150457 0.0150638 0.0150457 0.0231058 0.0188628 0.0188856 0.0074787 0.0188628 0.0112511 0.0115544 0.0150457 0.0150457 0.0150638 0.0113438 0.0000000 0.0503790 0.0515722 0.0433146 0.0474202 0.0429667 0.0477878 0.0519033 0.0433721 0.0150638 0.0470249 0.0587072 0.0547540 0.0548333 0.0468414 0.0510978 0.0510978 0.0433146 0.0121634 0.0212087 0.0152272 0.0151695 0.0151695 0.0150457 0.0150638 0.0267819 0.0239519 0.0304501 0.0150638 0.0112511 0.0113791 0.0188856 0.0150457 0.0188628 0.0150638 0.0113438 0.0150457 0.0188628 0.0383398 0.0150457 0.0118746 0.0112511 0.0189572 0.0219537 0.0116895 0.0474202 0.0690397 0.0150457 0.0392577 0.0434858 0.0552322 0.0150457 0.0433146 0.0687435 0.0112511 0.0150638 0.0561689 0.0503790 0.0522648 0.0189084 0.0037284 0.0150457 0.0309898 0.0188628 0.0267819 0.0112511 0.0190409 0.0310293 0.0112511 0.0270704 0.0151695 0.0188856 0.0344016 0.0188856 0.0188856 0.0188628 0.0105027 0.0229167 0.0188856 0.0150457 0.0150638 0.0113438 0.0038430 0.0152359 0.0112511 0.0074787 0.0150457 0.0191021 0.0150638 0.0150457 0.0150457 0.0151026 0.0150457 0.0464203 0.0458403 0.0429763 0.0433721 0.0168879 0.0473961 0.0392577 0.0159454 0.0151026 0.0150457 0.0150638 0.0188856 0.0150457 0.0188856 0.0112644 0.0307762 0.0669062 0.0554542 0.0547540 0.0150638 0.0089917 0.0112511 0.0265648 0.0270021 0.0190176 0.0150457 0.0112935 0.0201004 0.0150457 0.0241968 0.0493984 0.0241968 0.0227024 0.0343585 0.0190787 0.0189084 0.0188856 0.0113438 0.0150457 0.0227579 0.0189084 0.0150638 0.0075398 0.0152359 0.0152359 0.0150457 0.0152175 0.0519271 0.0188628 0.0150457 0.0150457 0.0188628 0.0150638 0.0188628 0.0248663 0.0112511 0.0150638 0.0227302 0.0201679 0.0549057 0.0433146 0.0112511 0.0212087 0.0190176 0.0188856 0.0521370 0.0687435 0.0188856 0.0150457 0.0561689 0.0195376 0.0095499 0.0155317 0.0310001 0.0190176 0.0188628 0.0230642 0.0560915 0.0125187 0.0150457 0.0150457 0.0519271 0.0115101 0.0150457 0.0188628 0.0150457 0.0477878 0.0150457 0.0151695 0.0150457 0.0189342 0.0150638 0.0112511 0.0383398 0.0150457 0.0150457 0.0150638 0.0150638 0.0150638 0.0112511 0.0150638 0.0150457 0.0151695 0.0150457 0.0150457 0.0392577 0.0150457 0.0150457 0.0188628 0.0150457 0.0188628 
891957     0.0331568 0.0417713 0.0417128 0.0513430 0.0460320 0.0374730 0.0417128 0.0460320 0.0374211 0.0341471 0.0417128 0.0417128 0.0417713 0.0417128 0.0503790 0.0000000 0.0164246 0.0122629 0.0044402 0.0226169 0.0082216 0.0089116 0.0122788 0.0374211 0.0000010 0.0085680 0.0039966 0.0040016 0.0000010 0.0040126 0.0040126 0.0081491 0.0455071 0.0421991 0.0378568 0.0420796 0.0508200 0.0417128 0.0417713 0.0552322 0.0396115 0.0591573 0.0417713 0.0374211 0.0378936 0.0460972 0.0417128 0.0460320 0.0417713 0.0464359 0.0417128 0.0460320 0.0681514 0.0374211 0.0383781 0.0374211 0.0418874 0.0503119 0.0390438 0.0272366 0.0163685 0.0417128 0.0081491 0.0040615 0.0040317 0.0417128 0.0122629 0.0163685 0.0374211 0.0417713 0.0164460 0.0000010 0.0337464 0.0417713 0.0460320 0.0417128 0.0602863 0.0460320 0.0503790 0.0374211 0.0418299 0.0603764 0.0460320 0.0558828 0.0420796 0.0460972 0.0636832 0.0331568 0.0417128 0.0417128 0.0383750 0.0464359 0.0417128 0.0417128 0.0417713 0.0417128 0.0427666 0.0423011 0.0374211 0.0417128 0.0374211 0.0379468 0.0417713 0.0417128 0.0374211 0.0375251 0.0417128 0.0040451 0.0039966 0.0040126 0.0122788 0.0375076 0.0122629 0.0081160 0.0351983 0.0375251 0.0417128 0.0417713 0.0460972 0.0417128 0.0460972 0.0460972 0.0688475 0.0212225 0.0040451 0.0039966 0.0417713 0.0349303 0.0460320 0.0547540 0.0557182 0.0417128 0.0503790 0.0332948 0.0355631 0.0417128 0.0401465 0.0684301 0.0401465 0.0417128 0.0547540 0.0378936 0.0461627 0.0374730 0.0417128 0.0417128 0.0418299 0.0461627 0.0417713 0.0508200 0.0423011 0.0423011 0.0417128 0.0422411 0.0207537 0.0374211 0.0417128 0.0417128 0.0460320 0.0374211 0.0374211 0.0544941 0.0374211 0.0417713 0.0374211 0.0356862 0.0121298 0.0122629 0.0374211 0.0421991 0.0464359 0.0417713 0.0045002 0.0163018 0.0460972 0.0374211 0.0207537 0.0433554 0.0322851 0.0432147 0.0558562 0.0464359 0.0460320 0.0512536 0.0249844 0.0413760 0.0417128 0.0374211 0.0207537 0.0382152 0.0417128 0.0374211 0.0417128 0.0165500 0.0417128 0.0420796 0.0417128 0.0418286 0.0417713 0.0374211 0.0681514 0.0417128 0.0417128 0.0417713 0.0417713 0.0374211 0.0374211 0.0417713 0.0331568 0.0420796 0.0417128 0.0417128 0.0081491 0.0417128 0.0417128 0.0374211 0.0331568 0.0460320 
891958     0.0352709 0.0434297 0.0433721 0.0525028 0.0474597 0.0352709 0.0433721 0.0474597 0.0393092 0.0362655 0.0433721 0.0433721 0.0434297 0.0478524 0.0515722 0.0164246 0.0000000 0.0152942 0.0166988 0.0252136 0.0193354 0.0209423 0.0153127 0.0434297 0.0192491 0.0262047 0.0205972 0.0206244 0.0191753 0.0231690 0.0231690 0.0152942 0.0470833 0.0440231 0.0397407 0.0437318 0.0519980 0.0433721 0.0434297 0.0561689 0.0400075 0.0598729 0.0434297 0.0393092 0.0397782 0.0475234 0.0433721 0.0474597 0.0434297 0.0478524 0.0433721 0.0474597 0.0683722 0.0433721 0.0373177 0.0393092 0.0435437 0.0508562 0.0409170 0.0295131 0.0337626 0.0433721 0.0114362 0.0153529 0.0207816 0.0433721 0.0152942 0.0336208 0.0393092 0.0434297 0.0037874 0.0164246 0.0354407 0.0475874 0.0474597 0.0433721 0.0609506 0.0474597 0.0561689 0.0393092 0.0393610 0.0610366 0.0474597 0.0567931 0.0437318 0.0475234 0.0641510 0.0393610 0.0434297 0.0474597 0.0388720 0.0479172 0.0434297 0.0433721 0.0434297 0.0478524 0.0444073 0.0434297 0.0393092 0.0433721 0.0433721 0.0393610 0.0434297 0.0433721 0.0433721 0.0394123 0.0433721 0.0122287 0.0122287 0.0153529 0.0075350 0.0442983 0.0037893 0.0114362 0.0460972 0.0394123 0.0433721 0.0434297 0.0475234 0.0433721 0.0475234 0.0475234 0.0690313 0.0396336 0.0205972 0.0205972 0.0393092 0.0378624 0.0474597 0.0557099 0.0566349 0.0478524 0.0515722 0.0354097 0.0376821 0.0433721 0.0420056 0.0686492 0.0420056 0.0433721 0.0557099 0.0397782 0.0475874 0.0393610 0.0478524 0.0433721 0.0393610 0.0434297 0.0434297 0.0519980 0.0434297 0.0434297 0.0433721 0.0438910 0.0232721 0.0393092 0.0433721 0.0433721 0.0474597 0.0434297 0.0393092 0.0567470 0.0393092 0.0434297 0.0434297 0.0378039 0.0291850 0.0152942 0.0393092 0.0440231 0.0478524 0.0475234 0.0232827 0.0336208 0.0475234 0.0433721 0.0272672 0.0449824 0.0345279 0.0404211 0.0610155 0.0478524 0.0474597 0.0524169 0.0272326 0.0439745 0.0433721 0.0433721 0.0232721 0.0400970 0.0433721 0.0474597 0.0433721 0.0193354 0.0433721 0.0437318 0.0433721 0.0434858 0.0434297 0.0393092 0.0683722 0.0433721 0.0433721 0.0434297 0.0434297 0.0434297 0.0393092 0.0434297 0.0352709 0.0437318 0.0433721 0.0433721 0.0114362 0.0433721 0.0433721 0.0393092 0.0352709 0.0474597 
891959     0.0272326 0.0352709 0.0352252 0.0440971 0.0392577 0.0272326 0.0352252 0.0392577 0.0312168 0.0279947 0.0352252 0.0352252 0.0352709 0.0395835 0.0433146 0.0122629 0.0152942 0.0000000 0.0082841 0.0166766 0.0115180 0.0124667 0.0076013 0.0352709 0.0114661 0.0217322 0.0164031 0.0164246 0.0114224 0.0153341 0.0153341 0.0075923 0.0382152 0.0349251 0.0315603 0.0355182 0.0436733 0.0352252 0.0352709 0.0477878 0.0348143 0.0515024 0.0352709 0.0312168 0.0315865 0.0393092 0.0352252 0.0392577 0.0352709 0.0395835 0.0352252 0.0392577 0.0598729 0.0352252 0.0330200 0.0312168 0.0353635 0.0459962 0.0324839 0.0209141 0.0294054 0.0352252 0.0037848 0.0076212 0.0165500 0.0352252 0.0075923 0.0292824 0.0312168 0.0352709 0.0193354 0.0122629 0.0273589 0.0393610 0.0392577 0.0352252 0.0524304 0.0392577 0.0477878 0.0312168 0.0312570 0.0525028 0.0392577 0.0483171 0.0355182 0.0393092 0.0557099 0.0312570 0.0352709 0.0392577 0.0388001 0.0396360 0.0352709 0.0352252 0.0352709 0.0395835 0.0360564 0.0352709 0.0312168 0.0352252 0.0352252 0.0312570 0.0352709 0.0352252 0.0352252 0.0312987 0.0352252 0.0081160 0.0081160 0.0076212 0.0076013 0.0397329 0.0114224 0.0037848 0.0331568 0.0312987 0.0352252 0.0352709 0.0393092 0.0352252 0.0393092 0.0393092 0.0604494 0.0305767 0.0164031 0.0164031 0.0312168 0.0329579 0.0392577 0.0473961 0.0481855 0.0395835 0.0433146 0.0273389 0.0290791 0.0352252 0.0333406 0.0595832 0.0333406 0.0352252 0.0473961 0.0315865 0.0393610 0.0312570 0.0395835 0.0352252 0.0312570 0.0352709 0.0352709 0.0436733 0.0352709 0.0352709 0.0352252 0.0356435 0.0154031 0.0312168 0.0352252 0.0352252 0.0392577 0.0352709 0.0312168 0.0476254 0.0312168 0.0352709 0.0352709 0.0291759 0.0248997 0.0075923 0.0312168 0.0349251 0.0395835 0.0393092 0.0185308 0.0292824 0.0393092 0.0352252 0.0193354 0.0365264 0.0244370 0.0320931 0.0524757 0.0395835 0.0392577 0.0440225 0.0193113 0.0348914 0.0352252 0.0352252 0.0154031 0.0318378 0.0352252 0.0392577 0.0352252 0.0115180 0.0352252 0.0355182 0.0352252 0.0353175 0.0352709 0.0312168 0.0598729 0.0352252 0.0352252 0.0352709 0.0352709 0.0352709 0.0312168 0.0352709 0.0272326 0.0355182 0.0352252 0.0352252 0.0037848 0.0352252 0.0352252 0.0312168 0.0272326 0.0392577 
