C3/C3a-C3b	65042	0.0	0.004620955938622265	0.0051561508113654245	0.0011976293360643822	0.000672008995940406	0.0008024801444655534	0.0008026529271872812	0.0014870501333318588	0.000762038699170083	0.0009884248876741034	0.0023360959068893113	0.006535162537972335	0.0010077798306969302	0.004765485540641862	0.0008040241900609938	0.003515682585022986	0.005969024745519772	0.019897026899900014	0.005846840393967129	0.00461809882659734	0.014268546354964502	0.01225327469990001	0.00843557489990001
C1/C3/C1c-C1al	65049	0.004620955938622265	0.0	0.0009687865084802851	0.0042160435341436295	0.004128183592216906	0.003819030138722256	0.003819030138722256	0.004504979394399985	0.005382442093046824	0.004003031517610701	0.005352663099426186	0.009551337531396788	0.004024587399196209	0.0020609220130373925	0.0038207015715789705	0.001106437520765847	0.00898477938098002	0.01674805163784243	0.008862595029427378	0.00763385346205759	0.011119571092906925	0.009104299437842432	0.005286599637842431
C1/C3-C1c-C1b-C72k-C1w	65050	0.0051561508113654245	0.0009687865084802851	0.0	0.004751238406886788	0.004663378464960065	0.004354225011465414	0.0043542250114654135	0.005040174267143143	0.005917636965789982	0.004538226390353859	0.005887857972169343	0.01008636881488439	0.004559782271939367	0.0025957026218120733	0.004355896444322128	0.001641044964173601	0.009519661302239104	0.01608959004973011	0.009397476950686464	0.008168735383316673	0.010461109504794602	0.008445837849730109	0.004628138049730108
C3-C40g-C3b-C3an-C21-C3fc-C3fd-C3s	64727	0.0011976293360643822	0.0042160435341436295	0.004751238406886788	0.0	0.0007063971947907639	0.0003979575696433596	0.00039816884878536444	0.000290186289046151	0.001958915802610082	0.0005834753697577333	0.0019311598020915134	0.006129681241627512	0.0006031881630539375	0.004360573136163225	0.0003985246991745332	0.003110770180544349	0.00556403281829262	0.019492114495421375	0.005441848466739978	0.00421310689937019	0.013863633950485867	0.011848362295421373	0.008030662495421375
C3-C3a-C16a	65057	0.000672008995940406	0.004128183592216906	0.004663378464960065	0.0007063971947907639	0.0	0.00030972819602039794	0.0003093154372962704	0.0009952264512563878	0.0014335875411258872	0.0004959638601768372	0.0018434285499850016	0.006042753555230609	0.0003357708347565243	0.004272713194236502	0.0003116152073192681	0.003022910238617626	0.005476357388615461	0.01940425455349465	0.00535417303706282	0.004125431469693031	0.013775774008559144	0.01176050235349465	0.007942802553494652
C3/C3b	64453	0.0008024801444655534	0.003819030138722256	0.004354225011465414	0.0003979575696433596	0.00030972819602039794	0.0	5.747425257474252e-07	0.000686759417824249	0.0015645188436356366	0.00018659545504660252	0.0015347244515548446	0.005734211440602072	0.00020613200299970005	0.003963559740741852	3.0730926907309266e-06	0.0027137567851229756	0.005167653290185304	0.0190951011	0.005045468938632663	0.003816727371262874	0.013466620555064493	0.011451348900000002	0.007633649100000001
C3	64597	0.0008026529271872812	0.003819030138722256	0.0043542250114654135	0.00039816884878536444	0.0003093154372962704	5.747425257474252e-07	0.0	0.0006868752852658936	0.0015642314723727628	0.00018704276233506598	0.001534437080291971	0.005733924069339199	0.0002056648497150285	0.003963559740741852	2.7857214278572145e-06	0.0027137567851229756	0.0051673659189224305	0.019095101099999998	0.005045181567369789	0.0038164400000000004	0.013466620555064493	0.011451348900000002	0.007633649100000001
C3-C3an-C3b-C21-C3fc-C3bb-C3s-C3fd	64728	0.0014870501333318588	0.004504979394399985	0.005040174267143143	0.000290186289046151	0.0009952264512563878	0.000686759417824249	0.0006868752852658936	0.0	0.002248645941964926	0.0008724298428828468	0.0022200658641584243	0.006418682401386379	0.0008918945995344668	0.004649508996419581	0.0006875420542747184	0.0033997060408007046	0.005852994702788884	0.01978105035567773	0.005730810351236243	0.004502068783866454	0.014152569810742222	0.012137298155677729	0.00831959835567773
C3/C3a	64730	0.000762038699170083	0.005382442093046824	0.005917636965789982	0.001958915802610082	0.0014335875411258872	0.0015645188436356366	0.0015642314723727628	0.002248645941964926	0.0	0.0017502178114217287	0.0030970603134886513	0.007295696987567375	0.001769358375882412	0.0055269716950664205	0.0015645586396560347	0.004277168739447544	0.006729958355198804	0.02065851305432457	0.006607774003646162	0.005379032436276373	0.015030032509389061	0.013014760854324566	0.009197061054324569
C3fe-C3-C3fg-C3b-C3ag-C21	64732	0.0009884248876741034	0.004003031517610701	0.004538226390353859	0.0005834753697577333	0.0004959638601768372	0.00018659545504660252	0.00018704276233506598	0.0008724298428828468	0.0017502178114217287	0.0	0.0017204130281169643	0.0059190555961684665	0.0003924220617166832	0.004147665377986941	0.00018833654625135648	0.0028979553163042725	0.005352542027918832	0.019279102478888446	0.005230357676366189	0.004001616108996402	0.013650621933952937	0.011635350278888444	0.007817650478888445
C3/C7	64733	0.0023360959068893113	0.005352663099426186	0.005887857972169343	0.0019311598020915134	0.0018434285499850016	0.0015347244515548446	0.001534437080291971	0.0022200658641584243	0.0030970603134886513	0.0017204130281169643	0.0	0.007266752910455086	0.0017398867515248475	0.005497192701445782	0.0015356145625437458	0.004247389745826904	0.0036331343976427318	0.02062873406070393	0.003510905199687953	0.002282002919708029	0.015000253515768423	0.01298498186070393	0.00916728206070393
C54a-C54b-C3-C54d-C54c	64729	0.006535162537972335	0.009551337531396788	0.01008636881488439	0.006129681241627512	0.006042753555230609	0.005734211440602072	0.005733924069339199	0.006418682401386379	0.007295696987567375	0.0059190555961684665	0.007266752910455086	0.0	0.005939266151330999	0.009695984110021063	0.005732252636482485	0.00844625873888529	0.01089772945642118	0.024827244903418977	0.01077554510486854	0.00954680353749875	0.01919876435848347	0.017183492703418974	0.013365792903418975
C3-C16a	64483	0.0010077798306969302	0.004024587399196209	0.004559782271939367	0.0006031881630539375	0.0003357708347565243	0.00020613200299970005	0.0002056648497150285	0.0008918945995344668	0.001769358375882412	0.0003924220617166832	0.0017398867515248475	0.005939266151330999	0.0	0.004169117001215804	0.00020812780341965804	0.0029193140455969283	0.005372815590155308	0.019300658360473955	0.005250631238602666	0.004021889671232877	0.013672177815538445	0.011656906160473952	0.007839206360473952
C1/C42.2/C3-C1b	64739	0.004765485540641862	0.0020609220130373925	0.0025957026218120733	0.004360573136163225	0.004272713194236502	0.003963559740741852	0.003963559740741852	0.004649508996419581	0.0055269716950664205	0.004147665377986941	0.005497192701445782	0.009695984110021063	0.004169117001215804	0.0	0.003965231173598566	0.0012510235115076984	0.009129425959604294	0.01513416363480304	0.009007241608051652	0.007778500040681864	0.009505683089867533	0.00749041143480304	0.003672134350259948
C21/C3	64751	0.0008040241900609938	0.0038207015715789705	0.004355896444322128	0.0003985246991745332	0.0003116152073192681	3.0730926907309266e-06	2.7857214278572145e-06	0.0006875420542747184	0.0015645586396560347	0.00018833654625135648	0.0015356145625437458	0.005732252636482485	0.00020812780341965804	0.003965231173598566	0.0	0.0027154282179796896	0.005167923063208003	0.019096772532856715	0.005045738711655361	0.0038169971442855717	0.013468291987921207	0.011453020332856716	0.007635320532856715
C1/C3/C1b	64627	0.003515682585022986	0.001106437520765847	0.001641044964173601	0.003110770180544349	0.003022910238617626	0.0027137567851229756	0.0027137567851229756	0.0033997060408007046	0.004277168739447544	0.0028979553163042725	0.004247389745826904	0.00844625873888529	0.0029193140455969283	0.0012510235115076984	0.0027154282179796896	0.0	0.007879700588468522	0.016384609861767645	0.007757516236915881	0.0065287746695460915	0.01075612931683214	0.008740857661767645	0.004923157861767646
C7/C7d/C12c-C12b-C12e-C7h-C3-C7g	65149	0.005969024745519772	0.00898477938098002	0.009519661302239104	0.00556403281829262	0.005476357388615461	0.005167653290185304	0.0051673659189224305	0.005852994702788884	0.006729958355198804	0.005352542027918832	0.0036331343976427318	0.01089772945642118	0.005372815590155308	0.009129425959604294	0.005167923063208003	0.007879700588468522	0.0	0.024260527794612158	0.0006330854520631124	0.0015853626962115152	0.01863204724967665	0.016616775594612155	0.012799075794612156
C45a	64799	0.019897026899900014	0.01674805163784243	0.01608959004973011	0.019492114495421375	0.01940425455349465	0.0190951011	0.019095101099999998	0.01978105035567773	0.02065851305432457	0.019279102478888446	0.02062873406070393	0.024827244903418977	0.019300658360473955	0.01513416363480304	0.019096772532856715	0.016384609861767645	0.024260527794612158	0.0	0.02413828266736979	0.0229095411	0.009667672455064493	0.015279151800000002	0.011463451999999999
C7/C12c-C7d-C12b-C12e	64726	0.005846840393967129	0.008862595029427378	0.009397476950686464	0.005441848466739978	0.00535417303706282	0.005045468938632663	0.005045181567369789	0.005730810351236243	0.006607774003646162	0.005230357676366189	0.003510905199687953	0.01077554510486854	0.005250631238602666	0.009007241608051652	0.005045738711655361	0.007757516236915881	0.0006330854520631124	0.02413828266736979	0.0	0.001231048275357393	0.018509802122434284	0.01649453046736979	0.012676830667369788
C7	64608	0.00461809882659734	0.00763385346205759	0.008168735383316673	0.00421310689937019	0.004125431469693031	0.003816727371262874	0.0038164400000000004	0.004502068783866454	0.005379032436276373	0.004001616108996402	0.002282002919708029	0.00954680353749875	0.004021889671232877	0.007778500040681864	0.0038169971442855717	0.0065287746695460915	0.0015853626962115152	0.0229095411	0.001231048275357393	0.0	0.017281060555064495	0.0152657889	0.0114480891
C47/C44	64731	0.014268546354964502	0.011119571092906925	0.010461109504794602	0.013863633950485867	0.013775774008559144	0.013466620555064493	0.013466620555064493	0.014152569810742222	0.015030032509389061	0.013650621933952937	0.015000253515768423	0.01919876435848347	0.013672177815538445	0.009505683089867533	0.013468291987921207	0.01075612931683214	0.01863204724967665	0.009667672455064493	0.018509802122434284	0.017281060555064495	0.0	0.009650671255064493	0.005834971455064494
C46	64477	0.01225327469990001	0.009104299437842432	0.008445837849730109	0.011848362295421373	0.01176050235349465	0.011451348900000002	0.011451348900000002	0.012137298155677729	0.013014760854324566	0.011635350278888444	0.01298498186070393	0.017183492703418974	0.011656906160473952	0.00749041143480304	0.011453020332856716	0.008740857661767645	0.016616775594612155	0.015279151800000002	0.01649453046736979	0.0152657889	0.009650671255064493	0.0	0.0038196998000000005
C42.2	64758	0.00843557489990001	0.005286599637842431	0.004628138049730108	0.008030662495421375	0.007942802553494652	0.007633649100000001	0.007633649100000001	0.00831959835567773	0.009197061054324569	0.007817650478888445	0.00916728206070393	0.013365792903418975	0.007839206360473952	0.003672134350259948	0.007635320532856715	0.004923157861767646	0.012799075794612156	0.011463451999999999	0.012676830667369788	0.0114480891	0.005834971455064494	0.0038196998000000005	0.0
