23
C3/C3a-C3b	65042	0	0.8083528747068794	0.9648507029859403	0.3596360090997725	1.0	0.22928770712292876	0.2101778982210178	0.28683356583217084	1.0	0.29471410571788564	0.1995480045199548	1.0	0.7252968675783106	1.0	0.4020459795402046	0.8901616475752864	1.0	0.28683713162868374	0.7498037529437058	0.5571144288557115	0.7110543341849872	1.0	0.9696407589810254
C1/C3/C1c-C1al	65049	0.8083528747068794	0	0.2132596685082873	0.8083557493275202	1.0	0.8083528747068794	0.8083528747068794	0.8083519164808352	1.0	0.8083547911302218	0.8083528747068794	1.0	0.8083557493275202	1.0	0.8083528747068794	0.8901621967560649	1.0	0.8083528747068794	0.44719105617887644	0.8083528747068794	0.3079438411231775	1.0	0.9696409107726768
C1/C3-C1c-C1b-C72k-C1w	65050	0.9648507029859403	0.2132596685082873	0	0.9648512302069427	1.0	0.9648507029859403	0.9648507029859403	0.9648505272420914	1.0	0.9648510544683659	0.9648507029859403	1.0	0.9648512302069427	1.0	0.9648507029859403	0.9648508787280318	1.0	0.9648507029859403	0.5571510712232194	0.9648507029859403	0.41790455238619034	1.0	0.9696410625628104
C3-C40g-C3b-C3an-C21-C3fc-C3fd-C3s	64727	0.3596360090997725	0.8083557493275202	0.9648512302069427	0	1.0	0.42981425464363393	0.3596360090997725	0.42981140377192456	1.0	0.15801946931857386	0.42981425464363393	1.0	0.6966721331146755	1.0	0.42981425464363393	0.890163295101147	1.0	0.42981425464363393	0.7498075057748268	0.5064223394415139	0.7110586682399528	1.0	0.9696412143514259
C45a	64799	1.0	1.0	1.0	1.0	0	1.0	1.0	1.0	1.0	1.0	1.0	1.0	1.0	1.0	1.0	1.0	1.0	1.0	1.0	1.0	1.0	1.0	1.0
C3-C3a-C16a	65057	0.22928770712292876	0.8083528747068794	0.9648507029859403	0.42981425464363393	1.0	0	0.14368856311436887	0.08092459537702311	1.0	0.35349293014139715	0.35217647823521764	1.0	0.8019549511262218	1.0	0.4020459795402046	0.8901616475752864	1.0	0.05754942450575494	0.7498037529437058	0.5571144288557115	0.7110543341849872	1.0	0.9696407589810254
C3/C3b	64453	0.2101778982210178	0.8083528747068794	0.9648507029859403	0.3596360090997725	1.0	0.14368856311436887	0	0.14368428157859212	1.0	0.29471410571788564	0.4097259027409726	1.0	0.7219669508262293	1.0	0.4020459795402046	0.8901616475752864	1.0	0.14368856311436887	0.7498037529437058	0.5571144288557115	0.7110543341849872	1.0	0.9696407589810254
C3	64597	0.28683356583217084	0.8083519164808352	0.9648505272420914	0.42981140377192456	1.0	0.08092459537702311	0.14368428157859212	0	1.0	0.3534896976545352	0.40972295138524306	1.0	0.8019539609207816	1.0	0.4020429897850511	0.8901610983890161	1.0	0.05379473102634487	0.7498025019749802	0.5571122144389278	0.7110528894711053	1.0	0.9696406071878563
C7/C12c-C7d-C12b-C12e	64726	1.0	1.0	1.0	1.0	1.0	1.0	1.0	1.0	0	1.0	1.0	1.0	1.0	1.0	0.6782848257276141	1.0	0.6782832171678284	1.0	1.0	1.0	1.0	1.0	0.09418717438476845
C3-C3an-C3b-C21-C3fc-C3bb-C3s-C3fd	64728	0.29471410571788564	0.8083547911302218	0.9648510544683659	0.15801946931857386	1.0	0.35349293014139715	0.29471410571788564	0.3534896976545352	1.0	0	0.4097318053638927	1.0	0.708070217542386	1.0	0.4020519589608208	0.8901627459313517	1.0	0.35349293014139715	0.749806254843629	0.501269974600508	0.7110572235694108	1.0	0.9696410625628104
C3/C3a	64730	0.1995480045199548	0.8083528747068794	0.9648507029859403	0.42981425464363393	1.0	0.35217647823521764	0.4097259027409726	0.40972295138524306	1.0	0.4097318053638927	0	1.0	0.8019549511262218	1.0	0.4097259027409726	0.8901616475752864	1.0	0.4097259027409726	0.7498037529437058	0.5571144288557115	0.7110543341849872	1.0	0.9696407589810254
C47/C44	64731	1.0	1.0	1.0	1.0	1.0	1.0	1.0	1.0	1.0	1.0	1.0	0	1.0	1.0	1.0	1.0	1.0	1.0	1.0	1.0	1.0	1.0	1.0
C3fe-C3-C3fg-C3b-C3ag-C21	64732	0.7252968675783106	0.8083557493275202	0.9648512302069427	0.6966721331146755	1.0	0.8019549511262218	0.7219669508262293	0.8019539609207816	1.0	0.708070217542386	0.8019549511262218	1.0	0	1.0	0.8019549511262218	0.890163295101147	1.0	0.8019549511262218	0.8019559413217604	0.7668458288542787	0.8019559413217604	1.0	0.9696412143514259
C46	64477	1.0	1.0	1.0	1.0	1.0	1.0	1.0	1.0	1.0	1.0	1.0	1.0	1.0	0	1.0	1.0	1.0	1.0	1.0	1.0	1.0	1.0	1.0
C3/C7	64733	0.4020459795402046	0.8083528747068794	0.9648507029859403	0.42981425464363393	1.0	0.4020459795402046	0.4020459795402046	0.4020429897850511	0.6782848257276141	0.4020519589608208	0.4097259027409726	1.0	0.8019549511262218	1.0	0	0.8901616475752864	0.5979520102399488	0.4020459795402046	0.7498037529437058	0.5571144288557115	0.7110543341849872	1.0	0.6702782430439239
C54a-C54b-C3-C54d-C54c	64729	0.8901616475752864	0.8901621967560649	0.9648508787280318	0.890163295101147	1.0	0.8901616475752864	0.8901616475752864	0.8901610983890161	1.0	0.8901627459313517	0.8901616475752864	1.0	0.890163295101147	1.0	0.8901616475752864	0	1.0	0.8901616475752864	0.8901621967560649	0.8901616475752864	0.8901621967560649	1.0	0.9696409107726768
C7	64608	1.0	1.0	1.0	1.0	1.0	1.0	1.0	1.0	0.6782832171678284	1.0	1.0	1.0	1.0	1.0	0.5979520102399488	1.0	0	1.0	1.0	1.0	1.0	1.0	0.7006359872802544
C3-C16a	64483	0.28683713162868374	0.8083528747068794	0.9648507029859403	0.42981425464363393	1.0	0.05754942450575494	0.14368856311436887	0.05379473102634487	1.0	0.35349293014139715	0.4097259027409726	1.0	0.8019549511262218	1.0	0.4020459795402046	0.8901616475752864	1.0	0	0.7498037529437058	0.5571144288557115	0.7110543341849872	1.0	0.9696407589810254
C1/C42.2/C3-C1b	64739	0.7498037529437058	0.44719105617887644	0.5571510712232194	0.7498075057748268	1.0	0.7498037529437058	0.7498037529437058	0.7498025019749802	1.0	0.749806254843629	0.7498037529437058	1.0	0.8019559413217604	1.0	0.7498037529437058	0.8901621967560649	1.0	0.7498037529437058	0	0.7498037529437058	0.2886142277154457	0.7113828861711383	0.9696409107726768
C21/C3	64751	0.5571144288557115	0.8083528747068794	0.9648507029859403	0.5064223394415139	1.0	0.5571144288557115	0.5571144288557115	0.5571122144389278	1.0	0.501269974600508	0.5571144288557115	1.0	0.7668458288542787	1.0	0.5571144288557115	0.8901616475752864	1.0	0.5571144288557115	0.7498037529437058	0	0.7110543341849872	1.0	0.9696407589810254
C1/C3/C1b	64627	0.7110543341849872	0.3079438411231775	0.41790455238619034	0.7110586682399528	1.0	0.7110543341849872	0.7110543341849872	0.7110528894711053	1.0	0.7110572235694108	0.7110543341849872	1.0	0.8019559413217604	1.0	0.7110543341849872	0.8901621967560649	1.0	0.7110543341849872	0.2886142277154457	0.7110543341849872	0	1.0	0.9696409107726768
C42.2	64758	1.0	1.0	1.0	1.0	1.0	1.0	1.0	1.0	1.0	1.0	1.0	1.0	1.0	1.0	1.0	1.0	1.0	1.0	0.7113828861711383	1.0	1.0	0	1.0
C7/C7d/C12c-C12b-C12e-C7h-C3-C7g	65149	0.9696407589810254	0.9696409107726768	0.9696410625628104	0.9696412143514259	1.0	0.9696407589810254	0.9696407589810254	0.9696406071878563	0.09418717438476845	0.9696410625628104	0.9696407589810254	1.0	0.9696412143514259	1.0	0.6702782430439239	0.9696409107726768	0.7006359872802544	0.9696407589810254	0.9696409107726768	0.9696407589810254	0.9696409107726768	1.0	0
