C3/C3a-C3b	65042	0.0	0.005220610839162168	0.005689147587021551	0.0016178911242951408	0.000772541243823588	0.0009078048969950756	0.0009083141398920216	0.0021006606149722275	0.0007722543530799171	0.001275730580497271	0.0026578167921207	0.0066556109647201815	0.0015675416792380868	0.004835626200189962	0.0009092674226081411	0.003548331374344909	0.006302738894841635	0.02000223187656469	0.006085518741087761	0.004723449200879823	0.01442382807852449	0.012358479676564687	0.008540779876564687
C1/C3/C1c-C1al	65049	0.005220610839162168	0.0	0.0015226865306971664	0.00502524780884823	0.0053300892544382965	0.004313480062597481	0.004313480062597481	0.005507678648023311	0.005992106855918149	0.004680365502965353	0.0060633701455891816	0.01006095685143284	0.004974090663637376	0.0024303868385122974	0.004315120298573883	0.0016740286979723274	0.009707609276655274	0.01730427181614677	0.0094903891229014	0.008128319582693461	0.011725868018106574	0.009660519616146772	0.005842819816146771
C1/C3-C1c-C1b-C72k-C1w	65050	0.005689147587021551	0.0015226865306971664	0.0	0.005493784556707612	0.00579862600229768	0.004782016810456864	0.004782016810456864	0.005976215395882693	0.006460643603777532	0.005148898772312121	0.006531906893448564	0.01052941318346496	0.005442627411496759	0.0028982268920806275	0.004783657046433265	0.0021411363290205	0.010175922651574527	0.01692094410883735	0.009958702497820654	0.008596632957612718	0.011342540310797154	0.00927719190883735	0.005459492108837349
C3-C40g-C3b-C3an-C21-C3fc-C3fd-C3s	64727	0.0016178911242951408	0.00502524780884823	0.005493784556707612	0.0	0.0017274011734804645	0.0007134274695605625	0.0007136853627274546	0.00048339118129298183	0.002388811880120906	0.001080364367972915	0.00246265793746998	0.006458864011190888	0.0013727077431053137	0.004640263169876025	0.0007127897058824212	0.0033529683440309717	0.006107035732554094	0.01980686884625075	0.00588981557880022	0.004527746038592281	0.014228465048210553	0.012163116646250749	0.00834541684625075
C3-C3a-C16a	65057	0.000772541243823588	0.0053300892544382965	0.00579862600229768	0.0017274011734804645	0.0	0.001017714281331867	0.0010171417385861413	0.002210120572856339	0.0015435056418758126	0.001385812225267445	0.002766884236336366	0.006764621367089544	0.0007952286027997199	0.004945104615466091	0.0010182778249775023	0.003657809789621038	0.006411806339057302	0.020111710291840813	0.006194586185303428	0.004832516645095491	0.01453330649380062	0.012467958091840817	0.008650258291840816
C3/C3b	64453	0.0009078048969950756	0.004313480062597481	0.004782016810456864	0.0007134274695605625	0.001017714281331867	0.0	1.1050894910508947e-06	0.0011957743208950659	0.0016800592500749924	0.0003689283775255661	0.0017513601359864014	0.0057496298134849045	0.0006617156905309469	0.003928495423625274	3.2862713728627133e-06	0.002641200597780222	0.005396282238707337	0.019095101099999998	0.0051790620849534634	0.003816992544745526	0.013516697301959804	0.011451348900000002	0.007633649100000001
C3	64597	0.0009083141398920216	0.004313480062597481	0.004782016810456864	0.0007136853627274546	0.0010171417385861413	1.1050894910508947e-06	0.0	0.0011959570820271894	0.0016795067053294672	0.0003697302225509796	0.0017508075912408758	0.005749077268739379	0.0006609563664633537	0.003928495423625274	2.7337266273372664e-06	0.0026412005977802223	0.005395729693961812	0.019095101099999998	0.005178509540207938	0.0038164400000000004	0.013516697301959804	0.011451348900000002	0.007633649100000001
C3-C3an-C3b-C21-C3fc-C3bb-C3s-C3fd	64728	0.0021006606149722275	0.005507678648023311	0.005976215395882693	0.00048339118129298183	0.002210120572856339	0.0011957743208950659	0.0011959570820271894	0.0	0.0028716237314582076	0.0015627902633946421	0.0029449296567697148	0.006941207281594235	0.001854955912856661	0.005122694009051105	0.0011950861224818005	0.0038353991832060516	0.006589418483306074	0.02028929968542583	0.0063721983295522006	0.005010128789344263	0.014710895887385634	0.01264554748542583	0.00882784768542583
C3/C3a	64730	0.0007722543530799171	0.005992106855918149	0.006460643603777532	0.002388811880120906	0.0015435056418758126	0.0016800592500749924	0.0016795067053294672	0.0028716237314582076	0.0	0.0020478298267472975	0.0034285544725527447	0.007425944238042448	0.0023387342446755327	0.005607122216945943	0.0016796006959304071	0.0043198273911008896	0.007073476575273681	0.020773727893320666	0.006856256421519807	0.00549418688131187	0.015195324095280472	0.013129975693320667	0.00931227589332067
C3fe-C3-C3fg-C3b-C3ag-C21	64732	0.001275730580497271	0.004680365502965353	0.005148898772312121	0.001080364367972915	0.001385812225267445	0.0003689283775255661	0.0003697302225509796	0.0015627902633946421	0.0020478298267472975	0.0	0.0021190685262543955	0.006116508810762569	0.0010298275251806126	0.004295458048556234	0.0003705082034294212	0.0030083024564582727	0.005763304178807873	0.01946198306185526	0.005546084025053999	0.0041840144848460615	0.013883579263815062	0.011818230861855258	0.008000531061855259
C3/C7	64733	0.0026578167921207	0.0060633701455891816	0.006531906893448564	0.00246265793746998	0.002766884236336366	0.0017513601359864014	0.0017508075912408758	0.0029449296567697148	0.0034285544725527447	0.0021190685262543955	0.0	0.007498049843481905	0.002411072426857314	0.005678385506616976	0.0017517063013698629	0.004391090680771923	0.0036454117393316023	0.0208449911829917	0.003428097413829253	0.0020656324087591246	0.015266587384951505	0.0132012389829917	0.009383539182991701
C54a-C54b-C3-C54d-C54c	64729	0.0066556109647201815	0.01006095685143284	0.01052941318346496	0.006458864011190888	0.006764621367089544	0.0057496298134849045	0.005749077268739379	0.006941207281594235	0.007425944238042448	0.006116508810762569	0.007498049843481905	0.0	0.00640899633893236	0.009676049397023722	0.0057474370327629766	0.00838889380492576	0.011141445171238629	0.024842497473008103	0.010924225017484756	0.009562155477276818	0.0192640936749679	0.017198745273008097	0.013381045473008097
C3-C16a	64483	0.0015675416792380868	0.004974090663637376	0.005442627411496759	0.0013727077431053137	0.0007952286027997199	0.0006617156905309469	0.0006609563664633537	0.001854955912856661	0.0023387342446755327	0.0010298275251806126	0.002411072426857314	0.00640899633893236	0.0	0.004589106024665171	0.0006626527968203179	0.003301811198820118	0.00605599452957825	0.019755711701039895	0.005838774375824376	0.004476704835616439	0.0141773079029997	0.012111959501039896	0.008294259701039896
C1/C42.2/C3-C1b	64739	0.004835626200189962	0.0024303868385122974	0.0028982268920806275	0.004640263169876025	0.004945104615466091	0.003928495423625274	0.003928495423625274	0.005122694009051105	0.005607122216945943	0.004295458048556234	0.005678385506616976	0.009676049397023722	0.004589106024665171	0.0	0.0039301356596016775	0.0012882905566059101	0.009322701822246152	0.015169444308648267	0.009105481668492281	0.007743412128284343	0.009591040510608075	0.0075256921086482706	0.0037074570157068585
C21/C3	64751	0.0009092674226081411	0.004315120298573883	0.004783657046433265	0.0007127897058824212	0.0010182778249775023	3.2862713728627133e-06	2.7337266273372664e-06	0.0011950861224818005	0.0016796006959304071	0.0003705082034294212	0.0017517063013698629	0.0057474370327629766	0.0006626527968203179	0.0039301356596016775	0.0	0.002642840833756624	0.005396276439287279	0.0190967413359764	0.0051790562855334055	0.0038169867453254677	0.013518337537936206	0.011452989135976404	0.007635289335976403
C1/C3/C1b	64627	0.003548331374344909	0.0016740286979723274	0.0021411363290205	0.0033529683440309717	0.003657809789621038	0.002641200597780222	0.0026412005977802223	0.0038353991832060516	0.0043198273911008896	0.0030083024564582727	0.004391090680771923	0.00838889380492576	0.003301811198820118	0.0012882905566059101	0.002642840833756624	0.0	0.008035546230148193	0.016457199572312765	0.007818326076394318	0.0064562565361863805	0.010878795774272573	0.00881344737231277	0.004995747572312768
C7/C7d/C12c-C12b-C12e-C7h-C3-C7g	65149	0.006302738894841635	0.009707609276655274	0.010175922651574527	0.006107035732554094	0.006411806339057302	0.005396282238707337	0.005395729693961812	0.006589418483306074	0.007073476575273681	0.005763304178807873	0.0036454117393316023	0.011141445171238629	0.00605599452957825	0.009322701822246152	0.005396276439287279	0.008035546230148193	0.0	0.024488966153353997	0.0011342526382485253	0.0020985029059982004	0.018910562355313798	0.016845213953353994	0.013027514153353993
C45a	64799	0.02000223187656469	0.01730427181614677	0.01692094410883735	0.01980686884625075	0.020111710291840813	0.019095101099999998	0.019095101099999998	0.02028929968542583	0.020773727893320666	0.01946198306185526	0.0208449911829917	0.024842497473008103	0.019755711701039895	0.015169444308648267	0.0190967413359764	0.016457199572312765	0.024488966153353997	0.0	0.02427161064020794	0.0229095411	0.009717749201959804	0.015279151800000002	0.011463451999999999
C7/C12c-C7d-C12b-C12e	64726	0.006085518741087761	0.0094903891229014	0.009958702497820654	0.00588981557880022	0.006194586185303428	0.0051790620849534634	0.005178509540207938	0.0063721983295522006	0.006856256421519807	0.005546084025053999	0.003428097413829253	0.010924225017484756	0.005838774375824376	0.009105481668492281	0.0051790562855334055	0.007818326076394318	0.0011342526382485253	0.02427161064020794	0.0	0.0013644428282215335	0.018693206842167742	0.01662785844020794	0.012810158640207937
C7	64608	0.004723449200879823	0.008128319582693461	0.008596632957612718	0.004527746038592281	0.004832516645095491	0.003816992544745526	0.0038164400000000004	0.005010128789344263	0.00549418688131187	0.0041840144848460615	0.0020656324087591246	0.009562155477276818	0.004476704835616439	0.007743412128284343	0.0038169867453254677	0.0064562565361863805	0.0020985029059982004	0.0229095411	0.0013644428282215335	0.0	0.017331137301959804	0.0152657889	0.0114480891
C47/C44	64731	0.01442382807852449	0.011725868018106574	0.011342540310797154	0.014228465048210553	0.01453330649380062	0.013516697301959804	0.013516697301959804	0.014710895887385634	0.015195324095280472	0.013883579263815062	0.015266587384951505	0.0192640936749679	0.0141773079029997	0.009591040510608075	0.013518337537936206	0.010878795774272573	0.018910562355313798	0.009717749201959804	0.018693206842167742	0.017331137301959804	0.0	0.009700748001959804	0.005885048201959804
C46	64477	0.012358479676564687	0.009660519616146772	0.00927719190883735	0.012163116646250749	0.012467958091840817	0.011451348900000002	0.011451348900000002	0.01264554748542583	0.013129975693320667	0.011818230861855258	0.0132012389829917	0.017198745273008097	0.012111959501039896	0.0075256921086482706	0.011452989135976404	0.00881344737231277	0.016845213953353994	0.015279151800000002	0.01662785844020794	0.0152657889	0.009700748001959804	0.0	0.0038196998000000005
C42.2	64758	0.008540779876564687	0.005842819816146771	0.005459492108837349	0.00834541684625075	0.008650258291840816	0.007633649100000001	0.007633649100000001	0.00882784768542583	0.00931227589332067	0.008000531061855259	0.009383539182991701	0.013381045473008097	0.008294259701039896	0.0037074570157068585	0.007635289335976403	0.004995747572312768	0.013027514153353993	0.011463451999999999	0.012810158640207937	0.0114480891	0.005885048201959804	0.0038196998000000005	0.0
