36
1          0.0000000 0.0038174 0.0038134 0.0038305 0.0115016 0.0076595 0.0193087 0.0153901 0.0115220 0.0076831 0.0081412 0.0076483 0.0115016 0.0114928 0.0192951 0.0084231 0.0153510 0.0078427 0.0038177 0.0076541 0.0114893 0.0076623 0.0153909 0.0115016 0.0076541 0.0114928 0.0079399 0.0153584 0.0153909 0.0115016 0.0115016 0.0076831 0.0115016 0.0115016 0.0084472 0.0076483 
2          0.0038174 0.0000000 0.0076541 0.0000010 0.0076397 0.0115307 0.0153900 0.0115002 0.0076532 0.0038265 0.0040553 0.0038102 0.0076397 0.0076339 0.0153792 0.0041946 0.0114710 0.0039066 0.0076628 0.0038131 0.0153744 0.0038171 0.0115008 0.0076397 0.0038131 0.0076339 0.0039549 0.0114766 0.0115008 0.0076397 0.0076397 0.0038265 0.0076397 0.0076397 0.0042066 0.0038102 
62851      0.0038134 0.0076541 0.0000000 0.0076804 0.0153744 0.0038240 0.0232300 0.0192869 0.0154018 0.0115539 0.0081412 0.0115016 0.0153744 0.0153627 0.0232135 0.0126700 0.0192376 0.0117946 0.0076547 0.0115103 0.0076481 0.0115226 0.0192879 0.0153744 0.0115103 0.0153627 0.0119412 0.0192468 0.0192879 0.0153744 0.0076562 0.0115539 0.0153744 0.0153744 0.0127062 0.0115016 
4          0.0038305 0.0000010 0.0076804 0.0000000 0.0076658 0.0115705 0.0154432 0.0115397 0.0076795 0.0038412 0.0040700 0.0038232 0.0076658 0.0076600 0.0154323 0.0042104 0.0115104 0.0039066 0.0076892 0.0038265 0.0154275 0.0038302 0.0115404 0.0076658 0.0038265 0.0076600 0.0039690 0.0115160 0.0115404 0.0076658 0.0076658 0.0038412 0.0076658 0.0076658 0.0042225 0.0038232 
3332       0.0115016 0.0076397 0.0153744 0.0076658 0.0000000 0.0193016 0.0076643 0.0115008 0.0076536 0.0038277 0.0040555 0.0038104 0.0076401 0.0076343 0.0153801 0.0041958 0.0114717 0.0039069 0.0153919 0.0114885 0.0231619 0.0115008 0.0038184 0.0000010 0.0114885 0.0076343 0.0119179 0.0038104 0.0038184 0.0076401 0.0076401 0.0038277 0.0076401 0.0000010 0.0042069 0.0038104 
62855      0.0076595 0.0115307 0.0038240 0.0115705 0.0193016 0.0000000 0.0272206 0.0232454 0.0193361 0.0154722 0.0122692 0.0154018 0.0193016 0.0192869 0.0272012 0.0169741 0.0231859 0.0157961 0.0115315 0.0154135 0.0115216 0.0154301 0.0232465 0.0193016 0.0154135 0.0192869 0.0119412 0.0231969 0.0232465 0.0193016 0.0115339 0.0154722 0.0193016 0.0193016 0.0170227 0.0154018 
365324     0.0193087 0.0153900 0.0232300 0.0154432 0.0076643 0.0272206 0.0000000 0.0193076 0.0154182 0.0115662 0.0122599 0.0115138 0.0153908 0.0153791 0.0232386 0.0126849 0.0192583 0.0118075 0.0232564 0.0192867 0.0311097 0.0193076 0.0038142 0.0076643 0.0192867 0.0153791 0.0200130 0.0115138 0.0115380 0.0153908 0.0153908 0.0115662 0.0153908 0.0076643 0.0127212 0.0115138 
62862      0.0153901 0.0115002 0.0192869 0.0115397 0.0115008 0.0232454 0.0193076 0.0000000 0.0115212 0.0076825 0.0081412 0.0076478 0.0115008 0.0038145 0.0115268 0.0042030 0.0076434 0.0078421 0.0193088 0.0153726 0.0271199 0.0153892 0.0153900 0.0115008 0.0153726 0.0114921 0.0159493 0.0153574 0.0153900 0.0115008 0.0115008 0.0076825 0.0115008 0.0115008 0.0084466 0.0076478 
40213      0.0115220 0.0076532 0.0154018 0.0076795 0.0076536 0.0193361 0.0154182 0.0115212 0.0000000 0.0038345 0.0040631 0.0038171 0.0076536 0.0076478 0.0154075 0.0042030 0.0114921 0.0039139 0.0154193 0.0115089 0.0232036 0.0115212 0.0115219 0.0076536 0.0115089 0.0076478 0.0119398 0.0114976 0.0115219 0.0076536 0.0076536 0.0038345 0.0076536 0.0076536 0.0042151 0.0038171 
891930     0.0076831 0.0038265 0.0115539 0.0038412 0.0038277 0.0154722 0.0115662 0.0076825 0.0038345 0.0000000 0.0000010 0.0000010 0.0038277 0.0038248 0.0115582 0.0000010 0.0076631 0.0000010 0.0115671 0.0076743 0.0193404 0.0076825 0.0076830 0.0038277 0.0076743 0.0038248 0.0079617 0.0076668 0.0076830 0.0038277 0.0038277 0.0000010 0.0038277 0.0038277 0.0000010 0.0000010 
891931     0.0081412 0.0040553 0.0081412 0.0040700 0.0040555 0.0122692 0.0122599 0.0081412 0.0040631 0.0000010 0.0000000 0.0000010 0.0040555 0.0040523 0.0122508 0.0000010 0.0081196 0.0000010 0.0081412 0.0081323 0.0122452 0.0081412 0.0081412 0.0040555 0.0081323 0.0040523 0.0084557 0.0081238 0.0040555 0.0040555 0.0000010 0.0000010 0.0040555 0.0040555 0.0000010 0.0000010 
32         0.0076483 0.0038102 0.0115016 0.0038232 0.0038104 0.0154018 0.0115138 0.0076478 0.0038171 0.0000010 0.0000010 0.0000000 0.0038104 0.0038076 0.0115058 0.0000010 0.0076285 0.0000010 0.0115146 0.0076397 0.0192523 0.0076478 0.0076483 0.0038104 0.0076397 0.0038076 0.0079244 0.0076322 0.0076483 0.0038104 0.0038104 0.0000010 0.0038104 0.0038104 0.0000010 0.0000010 
161        0.0115016 0.0076397 0.0153744 0.0076658 0.0076401 0.0193016 0.0153908 0.0115008 0.0076536 0.0038277 0.0040555 0.0038104 0.0000000 0.0076343 0.0153801 0.0000010 0.0114717 0.0039069 0.0153919 0.0114885 0.0231619 0.0115008 0.0115015 0.0076401 0.0114885 0.0076343 0.0119179 0.0114772 0.0115015 0.0076401 0.0076401 0.0038277 0.0076401 0.0076401 0.0042069 0.0038104 
19236      0.0114928 0.0076339 0.0153627 0.0076600 0.0076343 0.0192869 0.0153791 0.0038145 0.0076478 0.0038248 0.0040523 0.0038076 0.0076343 0.0000000 0.0076516 0.0000010 0.0038049 0.0039038 0.0153802 0.0114798 0.0231442 0.0114921 0.0114927 0.0076343 0.0114798 0.0076285 0.0119085 0.0114685 0.0114927 0.0076343 0.0076343 0.0038248 0.0076343 0.0076343 0.0042034 0.0038076 
892070     0.0192951 0.0153792 0.0232135 0.0154323 0.0153801 0.0272012 0.0232386 0.0115268 0.0154075 0.0115582 0.0122508 0.0115058 0.0153801 0.0076516 0.0000000 0.0042001 0.0114977 0.0117990 0.0232400 0.0192732 0.0310873 0.0192940 0.0192950 0.0153801 0.0192732 0.0153684 0.0199984 0.0192540 0.0192950 0.0153801 0.0153801 0.0115582 0.0153801 0.0153801 0.0127122 0.0115058 
891943     0.0084231 0.0041946 0.0126700 0.0042104 0.0041958 0.0169741 0.0126849 0.0042030 0.0042030 0.0000010 0.0000010 0.0000010 0.0000010 0.0000010 0.0042001 0.0000000 0.0041914 0.0000010 0.0126859 0.0084126 0.0212178 0.0084225 0.0084230 0.0041958 0.0084126 0.0041914 0.0087592 0.0084036 0.0084230 0.0041958 0.0041958 0.0000010 0.0041958 0.0041958 0.0000010 0.0000010 
892071     0.0153510 0.0114710 0.0192376 0.0115104 0.0114717 0.0231859 0.0192583 0.0076434 0.0114921 0.0076631 0.0081196 0.0076285 0.0114717 0.0038049 0.0114977 0.0041914 0.0000000 0.0078217 0.0192596 0.0153335 0.0270501 0.0153500 0.0153509 0.0114717 0.0153335 0.0114629 0.0159073 0.0153183 0.0153509 0.0114717 0.0114717 0.0076631 0.0114717 0.0114717 0.0084230 0.0076285 
41         0.0078427 0.0039066 0.0117946 0.0039066 0.0039069 0.0157961 0.0118075 0.0078421 0.0039139 0.0000010 0.0000010 0.0000010 0.0039069 0.0039038 0.0117990 0.0000010 0.0078217 0.0000000 0.0118084 0.0078335 0.0197451 0.0078421 0.0078426 0.0039069 0.0078335 0.0039038 0.0081332 0.0078256 0.0078426 0.0039069 0.0039069 0.0000010 0.0039069 0.0039069 0.0000010 0.0000010 
44722      0.0038177 0.0076628 0.0076547 0.0076892 0.0153919 0.0115315 0.0232564 0.0193088 0.0154193 0.0115671 0.0081412 0.0115146 0.0153919 0.0153802 0.0232400 0.0126859 0.0192596 0.0118084 0.0000000 0.0115234 0.0153754 0.0115357 0.0193098 0.0153919 0.0115234 0.0153802 0.0119553 0.0192688 0.0193098 0.0153919 0.0153919 0.0115671 0.0153919 0.0153919 0.0127222 0.0115146 
308        0.0076541 0.0038131 0.0115103 0.0038265 0.0114885 0.0154135 0.0192867 0.0153726 0.0115089 0.0076743 0.0081323 0.0076397 0.0114885 0.0114798 0.0192732 0.0084126 0.0153335 0.0078335 0.0115234 0.0000000 0.0192670 0.0076536 0.0153735 0.0114885 0.0076455 0.0114798 0.0079306 0.0153409 0.0153735 0.0114885 0.0114885 0.0076743 0.0114885 0.0114885 0.0084366 0.0076397 
40124      0.0114893 0.0153744 0.0076481 0.0154275 0.0231619 0.0115216 0.0311097 0.0271199 0.0232036 0.0193404 0.0122452 0.0192523 0.0231619 0.0231442 0.0310873 0.0212178 0.0270501 0.0197451 0.0153754 0.0192670 0.0000000 0.0192879 0.0271212 0.0231619 0.0192670 0.0231442 0.0199918 0.0270629 0.0271212 0.0231619 0.0153787 0.0193404 0.0231619 0.0231619 0.0212781 0.0192523 
828        0.0076623 0.0038171 0.0115226 0.0038302 0.0115008 0.0154301 0.0193076 0.0153892 0.0115212 0.0076825 0.0081412 0.0076478 0.0115008 0.0114921 0.0192940 0.0084225 0.0153500 0.0078421 0.0115357 0.0076536 0.0192879 0.0000000 0.0153900 0.0115008 0.0076536 0.0114921 0.0079394 0.0153574 0.0153900 0.0115008 0.0115008 0.0076825 0.0115008 0.0115008 0.0084466 0.0076478 
363069     0.0153909 0.0115008 0.0192879 0.0115404 0.0038184 0.0232465 0.0038142 0.0153900 0.0115219 0.0076830 0.0081412 0.0076483 0.0115015 0.0114927 0.0192950 0.0084230 0.0153509 0.0078426 0.0193098 0.0153735 0.0271212 0.0153900 0.0000000 0.0038184 0.0153735 0.0114927 0.0159502 0.0076483 0.0076643 0.0115015 0.0115015 0.0076830 0.0115015 0.0038184 0.0084471 0.0076483 
363072     0.0115016 0.0076397 0.0153744 0.0076658 0.0000010 0.0193016 0.0076643 0.0115008 0.0076536 0.0038277 0.0040555 0.0038104 0.0076401 0.0076343 0.0153801 0.0041958 0.0114717 0.0039069 0.0153919 0.0114885 0.0231619 0.0115008 0.0038184 0.0000000 0.0114885 0.0076343 0.0119179 0.0037634 0.0038184 0.0076401 0.0076401 0.0038277 0.0076401 0.0000010 0.0042069 0.0038104 
833        0.0076541 0.0038131 0.0115103 0.0038265 0.0114885 0.0154135 0.0192867 0.0153726 0.0115089 0.0076743 0.0081323 0.0076397 0.0114885 0.0114798 0.0192732 0.0084126 0.0153335 0.0078335 0.0115234 0.0076455 0.0192670 0.0076536 0.0153735 0.0114885 0.0000000 0.0114798 0.0079306 0.0153409 0.0153735 0.0114885 0.0114885 0.0076743 0.0114885 0.0114885 0.0084366 0.0076397 
12353      0.0114928 0.0076339 0.0153627 0.0076600 0.0076343 0.0192869 0.0153791 0.0114921 0.0076478 0.0038248 0.0040523 0.0038076 0.0076343 0.0076285 0.0153684 0.0041914 0.0114629 0.0039038 0.0153802 0.0114798 0.0231442 0.0114921 0.0114927 0.0076343 0.0114798 0.0000000 0.0119085 0.0114685 0.0114927 0.0076343 0.0076343 0.0038248 0.0076343 0.0076343 0.0042034 0.0038076 
835        0.0079399 0.0039549 0.0119412 0.0039690 0.0119179 0.0119412 0.0200130 0.0159493 0.0119398 0.0079617 0.0084557 0.0079244 0.0119179 0.0119085 0.0199984 0.0087592 0.0159073 0.0081332 0.0119553 0.0079306 0.0199918 0.0079394 0.0159502 0.0119179 0.0079306 0.0119085 0.0000000 0.0159157 0.0159502 0.0119179 0.0119179 0.0079617 0.0119179 0.0119179 0.0087849 0.0079244 
363074     0.0153584 0.0114766 0.0192468 0.0115160 0.0038104 0.0231969 0.0115138 0.0153574 0.0114976 0.0076668 0.0081238 0.0076322 0.0114772 0.0114685 0.0192540 0.0084036 0.0153183 0.0078256 0.0192688 0.0153409 0.0270629 0.0153574 0.0076483 0.0037634 0.0153409 0.0114685 0.0159157 0.0000000 0.0076483 0.0114772 0.0114772 0.0076668 0.0114772 0.0037803 0.0042069 0.0076322 
363075     0.0153909 0.0115008 0.0192879 0.0115404 0.0038184 0.0232465 0.0115380 0.0153900 0.0115219 0.0076830 0.0040555 0.0076483 0.0115015 0.0114927 0.0192950 0.0084230 0.0153509 0.0078426 0.0193098 0.0153735 0.0271212 0.0153900 0.0076643 0.0038184 0.0153735 0.0114927 0.0159502 0.0076483 0.0000000 0.0115015 0.0115015 0.0076830 0.0115015 0.0038184 0.0084471 0.0076483 
8520       0.0115016 0.0076397 0.0153744 0.0076658 0.0076401 0.0193016 0.0153908 0.0115008 0.0076536 0.0038277 0.0040555 0.0038104 0.0076401 0.0076343 0.0153801 0.0041958 0.0114717 0.0039069 0.0153919 0.0114885 0.0231619 0.0115008 0.0115015 0.0076401 0.0114885 0.0076343 0.0119179 0.0114772 0.0115015 0.0000000 0.0076401 0.0038277 0.0076401 0.0076401 0.0042069 0.0038104 
1354       0.0115016 0.0076397 0.0076562 0.0076658 0.0076401 0.0115339 0.0153908 0.0115008 0.0076536 0.0038277 0.0000010 0.0038104 0.0076401 0.0076343 0.0153801 0.0041958 0.0114717 0.0039069 0.0153919 0.0114885 0.0153787 0.0115008 0.0115015 0.0076401 0.0114885 0.0076343 0.0119179 0.0114772 0.0115015 0.0076401 0.0000000 0.0038277 0.0076401 0.0076401 0.0042069 0.0038104 
80         0.0076831 0.0038265 0.0115539 0.0038412 0.0038277 0.0154722 0.0115662 0.0076825 0.0038345 0.0000010 0.0000010 0.0000010 0.0038277 0.0038248 0.0115582 0.0000010 0.0076631 0.0000010 0.0115671 0.0076743 0.0193404 0.0076825 0.0076830 0.0038277 0.0076743 0.0038248 0.0079617 0.0076668 0.0076830 0.0038277 0.0038277 0.0000000 0.0038277 0.0038277 0.0000010 0.0000010 
982        0.0115016 0.0076397 0.0153744 0.0076658 0.0076401 0.0193016 0.0153908 0.0115008 0.0076536 0.0038277 0.0040555 0.0038104 0.0076401 0.0076343 0.0153801 0.0041958 0.0114717 0.0039069 0.0153919 0.0114885 0.0231619 0.0115008 0.0115015 0.0076401 0.0114885 0.0076343 0.0119179 0.0114772 0.0115015 0.0076401 0.0076401 0.0038277 0.0000000 0.0076401 0.0042069 0.0038104 
40926      0.0115016 0.0076397 0.0153744 0.0076658 0.0000010 0.0193016 0.0076643 0.0115008 0.0076536 0.0038277 0.0040555 0.0038104 0.0076401 0.0076343 0.0153801 0.0041958 0.0114717 0.0039069 0.0153919 0.0114885 0.0231619 0.0115008 0.0038184 0.0000010 0.0114885 0.0076343 0.0119179 0.0037803 0.0038184 0.0076401 0.0076401 0.0038277 0.0076401 0.0000000 0.0042069 0.0038104 
71406      0.0084472 0.0042066 0.0127062 0.0042225 0.0042069 0.0170227 0.0127212 0.0084466 0.0042151 0.0000010 0.0000010 0.0000010 0.0042069 0.0042034 0.0127122 0.0000010 0.0084230 0.0000010 0.0127222 0.0084366 0.0212781 0.0084466 0.0084471 0.0042069 0.0084366 0.0042034 0.0087849 0.0042069 0.0084471 0.0042069 0.0042069 0.0000010 0.0042069 0.0042069 0.0000000 0.0000010 
38269      0.0076483 0.0038102 0.0115016 0.0038232 0.0038104 0.0154018 0.0115138 0.0076478 0.0038171 0.0000010 0.0000010 0.0000010 0.0038104 0.0038076 0.0115058 0.0000010 0.0076285 0.0000010 0.0115146 0.0076397 0.0192523 0.0076478 0.0076483 0.0038104 0.0076397 0.0038076 0.0079244 0.0076322 0.0076483 0.0038104 0.0038104 0.0000010 0.0038104 0.0038104 0.0000010 0.0000000 
