CH_Mcav_06_2017	106113	0.0	0.000334319265908139	0.0013125930056935332	0.0008556290395161392	0.00027402386088786244	0.00035906108608582557	0.08210985285142541	0.08210985285142541	0.038333135290120904
CH_Pfur_15_2017	106122	0.000334319265908139	0.0	0.0011857828871818148	0.0007220356927599945	0.00017402864696878747	0.0001898940960546418	0.08237487947938174	0.08237487947938174	0.03859816191807723
ET_Pfur_43_2017	106150	0.0013125930056935332	0.0011857828871818148	0.0	0.0005522984509878073	0.0010644448603061836	0.0011374442999350794	0.08329884849657794	0.08329884849657794	0.03952213093527343
ET_Pfur_74_2017	106181	0.0008556290395161392	0.0007220356927599945	0.0005522984509878073	0.0	0.0005953836522933615	0.0006223058821286306	0.08282724689265633	0.08282724689265633	0.03905052933135181
ET_Pfur_30_2019	106238	0.00027402386088786244	0.00017402864696878747	0.0010644448603061836	0.0005953836522933615	0.0	0.00015495970217565275	0.08223452315532212	0.08223452315532212	0.038457805594017604
ET_Pfur_30_2017	106138	0.00035906108608582557	0.0001898940960546418	0.0011374442999350794	0.0006223058821286306	0.00015495970217565275	0.0	0.08238943806773032	0.08238943806773032	0.03861272050642579
WP_Ofav_64_2017	106169	0.08210985285142541	0.08237487947938174	0.08329884849657794	0.08282724689265633	0.08223452315532212	0.08238943806773032	0.0	0.0	0.06352672784181672
WP_Oann_24_2017	106120	0.08210985285142541	0.08237487947938174	0.08329884849657794	0.08282724689265633	0.08223452315532212	0.08238943806773032	0.0	0.0	0.06352672784181672
WP_Oann_67_2017	106172	0.038333135290120904	0.03859816191807723	0.03952213093527343	0.03905052933135181	0.038457805594017604	0.03861272050642579	0.06352672784181672	0.06352672784181672	0.0
