CH_Mcav_06_2017	106113	0.0	0.001378780534629765	0.00438069167009804	0.003535638923197225	0.0010730927569527812	0.0013554768421568627	0.08337631657131853	0.08337631657131853	0.04267887689928531
CH_Pfur_15_2017	106122	0.001378780534629765	0.0	0.003947321798842795	0.0031219970585576497	0.0007589565037722304	0.0009505254903581412	0.08394789624125062	0.08394789624125062	0.04325045656921741
ET_Pfur_43_2017	106150	0.00438069167009804	0.003947321798842795	0.0	0.0009897327511005404	0.0036193630216086437	0.004079289390886354	0.08660282930254101	0.08660282930254101	0.0459053896305078
ET_Pfur_74_2017	106181	0.003535638923197225	0.0031219970585576497	0.0009897327511005404	0.0	0.0026296392430384804	0.003117130302628466	0.08588551347770662	0.08588551347770662	0.0451880738056734
ET_Pfur_30_2019	106238	0.0010730927569527812	0.0007589565037722304	0.0036193630216086437	0.0026296392430384804	0.0	0.0005355962018507403	0.08360478790342138	0.08360478790342138	0.04290734823138815
ET_Pfur_30_2017	106138	0.0013554768421568627	0.0009505254903581412	0.004079289390886354	0.003117130302628466	0.0005355962018507403	0.0	0.0841402496514906	0.0841402496514906	0.043442809979457375
WP_Ofav_64_2017	106169	0.08337631657131853	0.08394789624125062	0.08660282930254101	0.08588551347770662	0.08360478790342138	0.0841402496514906	0.0	0.0	0.06660605876446868
WP_Oann_24_2017	106120	0.08337631657131853	0.08394789624125062	0.08660282930254101	0.08588551347770662	0.08360478790342138	0.0841402496514906	0.0	0.0	0.06660605876446868
WP_Oann_67_2017	106172	0.04267887689928531	0.04325045656921741	0.0459053896305078	0.0451880738056734	0.04290734823138815	0.043442809979457375	0.06660605876446868	0.06660605876446868	0.0
