25
38160      0.0000000 0.1788442 0.0157335 0.0317381 0.0321556 0.1813006 0.2043278 0.2014223 0.0320704 0.1864620 0.2667419 0.2198246 0.2452802 0.1797236 0.0480148 0.0157335 0.0320704 0.0158942 0.0317381 0.1001008 0.0645674 0.0317381 0.2916268 0.0826873 0.1594227 
59280      0.1788442 0.0000000 0.1594227 0.1403500 0.1815085 0.0320704 0.0490572 0.0485301 0.1813006 0.1020153 0.1005582 0.0648527 0.0830619 0.0318761 0.1986141 0.1594227 0.1813006 0.2014223 0.1788442 0.2653589 0.2187300 0.1788442 0.2336250 0.2440194 0.0157335 
29206      0.0157335 0.1594227 0.0000000 0.0157335 0.0159388 0.1615499 0.1838383 0.1813006 0.0158942 0.1660096 0.2452802 0.1995995 0.2241862 0.1601992 0.0317381 0.0000010 0.0158942 0.0320704 0.0157335 0.0826873 0.0480148 0.0157335 0.2695516 0.0655696 0.1403500 
59036      0.0317381 0.1403500 0.0157335 0.0000000 0.0321556 0.1421695 0.1637443 0.1615499 0.0320704 0.1459761 0.2241862 0.1797236 0.2034655 0.1410271 0.0480148 0.0157335 0.0320704 0.0485301 0.0317381 0.1001008 0.0645674 0.0317381 0.2916268 0.0826873 0.1216253 
892190     0.0321556 0.1815085 0.0159388 0.0321556 0.0000000 0.1840462 0.2075084 0.2045028 0.0324969 0.1893838 0.2709787 0.2231754 0.2491425 0.1824143 0.0486518 0.0159388 0.0324969 0.0491813 0.0321556 0.1014856 0.0654311 0.0321556 0.2963470 0.0838214 0.1617753 
892191     0.1813006 0.0320704 0.1615499 0.1421695 0.1840462 0.0000000 0.0158942 0.0157335 0.1838383 0.1032464 0.1017494 0.0655696 0.0840207 0.0322114 0.2014223 0.1615499 0.1838383 0.2043278 0.1813006 0.2695768 0.2219136 0.1813006 0.2369897 0.2477826 0.0158942 
892192     0.2043278 0.0490572 0.1838383 0.1637443 0.2075084 0.0158942 0.0000000 0.0320704 0.2073366 0.1231575 0.1212725 0.0836370 0.1029722 0.0492771 0.2252128 0.1838383 0.2073366 0.2286349 0.2043278 0.2966628 0.2464912 0.2043278 0.2613117 0.2739688 0.0324101 
892193     0.2014223 0.0485301 0.1813006 0.1615499 0.2045028 0.0157335 0.0320704 0.0000000 0.2043278 0.1216253 0.0840207 0.0487453 0.0666049 0.0159635 0.2219136 0.1813006 0.2043278 0.2252128 0.2014223 0.2477826 0.2014223 0.2014223 0.2574218 0.2263812 0.0320704 
285996     0.0320704 0.1813006 0.0158942 0.0320704 0.0324969 0.1838383 0.2073366 0.2043278 0.0000000 0.1891768 0.2710102 0.2230441 0.2490878 0.1822066 0.0485301 0.0158942 0.0324101 0.0157335 0.0320704 0.1012807 0.0652777 0.0320704 0.2695516 0.0836370 0.1615499 
29370      0.1864620 0.1020153 0.1660096 0.1459761 0.1893838 0.1032464 0.1231575 0.1216253 0.1891768 0.0000000 0.1806116 0.1392416 0.1609834 0.1024915 0.2073366 0.1660096 0.1891768 0.2104552 0.1864620 0.2785496 0.2286349 0.1864620 0.2653514 0.2557645 0.0842212 
56001      0.2667419 0.1005582 0.2452802 0.2241862 0.2709787 0.1017494 0.1212725 0.0840207 0.2710102 0.1806116 0.0000000 0.0323535 0.0158698 0.0658641 0.2885625 0.2452802 0.2710102 0.2933226 0.2667419 0.1417108 0.1831218 0.2667419 0.3236710 0.1609834 0.0830619 
58696      0.2198246 0.0648527 0.1995995 0.1797236 0.2231754 0.0655696 0.0836370 0.0487453 0.2230441 0.1392416 0.0323535 0.0000000 0.0160333 0.0318761 0.2403947 0.1995995 0.2230441 0.2440194 0.2198246 0.1831218 0.1410271 0.2198246 0.2753406 0.1631563 0.0482253 
58699      0.2452802 0.0830619 0.2241862 0.2034655 0.2491425 0.0840207 0.1029722 0.0666049 0.2490878 0.1609834 0.0158698 0.0160333 0.0000000 0.0489623 0.2667419 0.2241862 0.2490878 0.2710102 0.2452802 0.1609834 0.1631563 0.2452802 0.3021806 0.1417108 0.0658641 
57806      0.1797236 0.0318761 0.1601992 0.1410271 0.1824143 0.0322114 0.0492771 0.0159635 0.1822066 0.1024915 0.0658641 0.0318761 0.0489623 0.0000000 0.1995995 0.1601992 0.1822066 0.2024387 0.1797236 0.2241862 0.1797236 0.1797236 0.2347652 0.2034655 0.0158014 
891985     0.0480148 0.1986141 0.0317381 0.0480148 0.0486518 0.2014223 0.2252128 0.2219136 0.0485301 0.2073366 0.2885625 0.2403947 0.2667419 0.1995995 0.0000000 0.0317381 0.0485301 0.0652777 0.0480148 0.1178116 0.0813980 0.0157335 0.2695516 0.1001008 0.1788442 
891986     0.0157335 0.1594227 0.0000010 0.0157335 0.0159388 0.1615499 0.1838383 0.1813006 0.0158942 0.1660096 0.2452802 0.1995995 0.2241862 0.1601992 0.0317381 0.0000000 0.0158942 0.0320704 0.0157335 0.0826873 0.0480148 0.0157335 0.2695516 0.0655696 0.1403500 
137171     0.0320704 0.1813006 0.0158942 0.0320704 0.0324969 0.1838383 0.2073366 0.2043278 0.0324101 0.1891768 0.2710102 0.2230441 0.2490878 0.1822066 0.0485301 0.0158942 0.0000000 0.0490572 0.0320704 0.1012807 0.0652777 0.0320704 0.2965045 0.0836370 0.1615499 
891987     0.0158942 0.2014223 0.0320704 0.0485301 0.0491813 0.2043278 0.2286349 0.2252128 0.0157335 0.2104552 0.2933226 0.2440194 0.2710102 0.2024387 0.0652777 0.0320704 0.0490572 0.0000000 0.0485301 0.1192368 0.0823161 0.0485301 0.2916268 0.1012807 0.1813006 
50006      0.0317381 0.1788442 0.0157335 0.0317381 0.0321556 0.1813006 0.2043278 0.2014223 0.0320704 0.1864620 0.2667419 0.2198246 0.2452802 0.1797236 0.0480148 0.0157335 0.0320704 0.0485301 0.0000000 0.1001008 0.0645674 0.0317381 0.2916268 0.0826873 0.1594227 
37988      0.1001008 0.2653589 0.0826873 0.1001008 0.1014856 0.2695768 0.2966628 0.2477826 0.1012807 0.2785496 0.1417108 0.1831218 0.1609834 0.2241862 0.1178116 0.0826873 0.1012807 0.1192368 0.1001008 0.0000000 0.0322114 0.1001008 0.3926880 0.0158014 0.2440194 
37990      0.0645674 0.2187300 0.0480148 0.0645674 0.0654311 0.2219136 0.2464912 0.2014223 0.0652777 0.2286349 0.1831218 0.1410271 0.1631563 0.1797236 0.0813980 0.0480148 0.0652777 0.0823161 0.0645674 0.0322114 0.0000000 0.0645674 0.3368224 0.0159635 0.1986141 
52071      0.0317381 0.1788442 0.0157335 0.0317381 0.0321556 0.1813006 0.2043278 0.2014223 0.0320704 0.1864620 0.2667419 0.2198246 0.2452802 0.1797236 0.0157335 0.0157335 0.0320704 0.0485301 0.0317381 0.1001008 0.0645674 0.0000000 0.2916268 0.0826873 0.1594227 
22385      0.2916268 0.2336250 0.2695516 0.2916268 0.2963470 0.2369897 0.2613117 0.2574218 0.2695516 0.2653514 0.3236710 0.2753406 0.3021806 0.2347652 0.2695516 0.2695516 0.2965045 0.2916268 0.2916268 0.3926880 0.3368224 0.2916268 0.0000000 0.3685315 0.2138575 
49905      0.0826873 0.2440194 0.0655696 0.0826873 0.0838214 0.2477826 0.2739688 0.2263812 0.0836370 0.2557645 0.1609834 0.1631563 0.1417108 0.2034655 0.1001008 0.0655696 0.0836370 0.1012807 0.0826873 0.0158014 0.0159635 0.0826873 0.3685315 0.0000000 0.2230441 
8181       0.1594227 0.0157335 0.1403500 0.1216253 0.1617753 0.0158942 0.0324101 0.0320704 0.1615499 0.0842212 0.0830619 0.0482253 0.0658641 0.0158014 0.1788442 0.1403500 0.1615499 0.1813006 0.1594227 0.2440194 0.1986141 0.1594227 0.2138575 0.2230441 0.0000000 
